Date,Open,High,Low,Close,Volume,Adj Clos
2000-01-03,23.125,23.50,23.125,23.50,2300,17.70397
2000-01-04,23.3125,23.375,23.125,23.125,3500,17.4214
2000-01-05,22.90625,23.50,22.875,23.25,20400,17.5156
2000-01-06,23.25,23.3125,23.00,23.25,22900,17.5156
2000-01-07,23.00,23.25,23.00,23.0625,19400,17.37437
2000-01-10,23.00,23.625,23.00,23.625,7000,17.79814
2000-01-11,23.50,24.00,23.50,24.00,10100,18.08065
2000-01-12,23.75,24.125,23.75,24.0625,9200,18.12773
2000-01-13,24.0625,24.50,23.75,24.4375,55800,18.41024
2000-01-14,24.25,24.50,24.25,24.50,1400,18.45733
2000-01-18,24.4375,24.50,24.125,24.25,13900,18.26899
2000-01-19,24.4375,24.50,23.875,24.00,177300,18.08065
2000-01-20,24.0625,24.0625,23.50,23.50,7500,17.70397
2000-01-21,24.09375,24.09375,23.50,23.6875,5600,17.84522
2000-01-24,24.00,24.00,23.4375,23.65625,4800,17.82168
2000-01-25,23.8125,23.8125,23.4375,23.4375,4600,17.65688
2000-01-26,23.50,23.625,23.375,23.50,36600,17.70397
2000-01-27,23.50,23.5625,23.375,23.375,19200,17.60980
2000-01-28,23.50,23.625,23.375,23.50,12900,17.70397
2000-01-31,23.375,23.4375,23.00,23.00,8000,17.3272
2000-02-01,23.00,23.25,23.00,23.125,3600,17.4214
2000-02-02,23.125,23.375,23.125,23.125,50000,17.4214
2000-02-03,23.25,23.25,23.125,23.25,8200,17.5156
2000-02-04,23.25,23.50,23.125,23.125,7600,17.4214
2000-02-07,23.25,23.25,23.125,23.25,24200,17.5156
2000-02-08,23.125,23.375,23.125,23.125,27700,17.4214
2000-02-09,23.125,23.125,23.00,23.00,3900,17.3272
2000-02-10,23.00,23.125,23.00,23.125,12600,17.4214
2000-02-11,23.125,23.25,23.125,23.125,40900,17.4214
2000-02-14,23.125,23.125,23.00,23.00,21300,17.3272
2000-02-15,23.00,23.00,23.00,23.00,13800,17.3272
2000-02-16,23.00,23.125,23.00,23.00,700,17.3272
2000-02-17,23.125,23.125,22.875,22.875,12600,17.2331
2000-02-18,23.125,23.125,22.875,22.875,1200,17.2331
2000-02-22,22.75,23.125,22.75,23.125,6700,17.4214
2000-02-23,22.875,23.125,22.875,23.00,8400,17.3272
2000-02-24,23.00,23.125,23.00,23.0625,5400,17.37437
2000-02-25,23.0625,23.125,23.00,23.00,20400,17.3272
2000-02-28,22.50,22.50,22.3125,22.3125,2300,16.80935
2000-02-29,23.00,23.00,22.00,22.50,17400,16.9506
2000-03-01,22.25,22.25,21.50,21.50,10300,16.1972
2000-03-02,21.625,22.75,21.625,22.50,14600,16.9506
2000-03-03,22.25,22.50,21.875,22.00,8900,16.5739
2000-03-06,22.00,22.484381,22.00,22.125,1700,16.668
2000-03-07,22.375,22.50,22.375,22.50,1900,16.9506
2000-03-08,22.4375,22.50,22.4375,22.4375,9700,16.90352
2000-03-09,22.25,22.50,22.25,22.50,63600,16.9506
2000-03-10,22.50,23.50,22.50,22.875,19900,17.2331
2000-03-13,23.125,23.125,22.50,23.00,5400,17.3272
2000-03-14,22.875,22.9375,22.75,22.75,8700,17.1389
2000-03-15,22.75,22.8125,22.75,22.75,3700,17.1389
2000-03-16,22.75,23.125,22.75,22.75,1700,17.1389
2000-03-17,23.125,23.125,22.625,23.125,15700,17.4214
2000-03-20,23.125,23.125,23.125,23.125,4300,17.4214
2000-03-21,23.00,23.00,22.875,23.00,34900,17.3272
2000-03-22,23.00,23.375,23.00,23.1875,6700,17.46854
2000-03-23,23.25,23.375,23.00,23.00,8500,17.3272
2000-03-24,23.09375,23.375,23.00,23.00,57700,17.3272
2000-03-27,22.875,23.00,22.875,22.9375,16600,17.28020
2000-03-28,22.9375,23.00,22.75,22.75,3300,17.1389
2000-03-29,22.9375,23.625,22.6875,23.625,61200,17.79814
2000-03-30,23.75,23.75,23.5625,23.75,20300,17.89231
2000-03-31,23.8125,24.00,23.8125,23.8125,21300,17.93939
2000-04-03,22.8125,23.50,22.75,23.40625,8200,17.74512
2000-04-04,23.125,23.50,22.875,23.25,9000,17.62666
2000-04-05,23.3125,23.50,22.875,22.875,8800,17.34236
2000-04-06,23.3125,23.75,23.3125,23.6875,9600,17.95834
2000-04-07,23.6875,23.6875,23.5625,23.625,5300,17.91096
2000-04-10,23.625,23.625,23.4375,23.4375,1100,17.76881
2000-04-11,23.50,23.625,23.4375,23.53125,2800,17.8398
2000-04-12,23.4375,23.625,23.00,23.00,9000,17.4371
2000-04-13,23.00,23.59375,23.00,23.3125,13600,17.67404
2000-04-14,23.00,23.3125,20.50,22.75,12700,17.24759
2000-04-17,22.75,22.75,21.00,22.00,2100,16.67899
2000-04-18,22.6875,22.75,22.50,22.50,40800,17.05806
2000-04-19,22.75,22.75,22.25,22.71875,19000,17.22390
2000-04-20,22.75,24.00,22.6875,23.50,28100,17.81619
2000-04-24,23.50,24.25,23.50,24.25,10900,18.384
2000-04-25,24.00,24.25,23.75,24.00,1700,18.19526
2000-04-26,24.125,24.25,24.125,24.25,3100,18.384
2000-04-27,23.625,24.25,23.625,24.25,3300,18.384
2000-04-28,24.00,24.50,24.00,24.125,37000,18.29003
2000-05-01,23.9375,24.75,23.9375,24.75,6300,18.76386
2000-05-02,24.25,24.875,24.25,24.875,500,18.85863
2000-05-03,24.25,24.25,23.9375,24.25,3400,18.384
2000-05-04,24.625,24.75,24.625,24.75,500,18.76386
2000-05-05,24.515619,24.5625,24.00,24.0625,10600,18.2426
2000-05-08,23.625,24.4375,23.625,23.75,4300,18.00573
2000-05-09,24.75,24.75,24.00,24.00,12800,18.19526
2000-05-10,23.375,23.6875,23.375,23.375,23300,17.72143
2000-05-11,23.625,24.00,23.625,24.00,2100,18.19526
2000-05-12,24.25,24.75,23.625,23.75,32600,18.00573
2000-05-15,23.625,24.125,23.50,23.6875,67700,17.95834
2000-05-16,23.625,24.00,23.5625,23.5625,144200,17.86358
2000-05-17,23.5625,23.875,23.375,23.375,182100,17.72143
2000-05-18,24.5625,24.5625,23.75,23.75,4100,18.00573
2000-05-19,24.00,24.00,23.8125,23.875,12300,18.10049
2000-05-22,23.8125,24.125,23.8125,24.00,9300,18.19526
2000-05-23,24.125,24.125,24.00,24.00,4300,18.19526
2000-05-24,24.00,24.50,23.9375,24.375,20200,18.47956
2000-05-25,24.25,24.8125,24.1875,24.1875,5700,18.33741
2000-05-26,24.125,24.25,23.9375,24.125,3500,18.29003
2000-05-30,24.125,24.625,24.125,24.3125,1900,18.43218
2000-05-31,24.375,24.375,23.9375,23.9375,10500,18.14788
2000-06-01,23.9375,24.375,23.875,23.9375,27500,18.14788
2000-06-02,24.375,24.375,23.3125,24.00,16400,18.19526
2000-06-05,24.00,24.125,23.9375,24.0625,18600,18.2426
2000-06-06,24.0625,24.125,24.0625,24.125,3900,18.29003
2000-06-07,24.125,24.1875,24.125,24.140619,4800,18.30187
2000-06-08,24.25,24.25,24.125,24.1875,2000,18.33741
2000-06-09,24.125,24.25,23.9375,24.21875,11300,18.36110
2000-06-12,24.0625,24.1875,24.00,24.0625,42600,18.2426
2000-06-13,24.09375,24.1875,24.0625,24.1875,14800,18.33741
2000-06-14,24.1875,24.1875,24.0625,24.1875,1000,18.33741
2000-06-15,24.0625,24.3125,24.0625,24.25,19200,18.384
2000-06-16,24.50,24.625,24.25,24.50,28000,18.57433
2000-06-19,24.625,24.75,24.0625,24.75,12600,18.76386
2000-06-20,24.75,24.75,23.75,23.75,11900,18.00573
2000-06-21,23.875,23.875,22.875,22.875,21000,17.34236
2000-06-22,22.875,23.00,22.75,23.00,8400,17.4371
2000-06-23,23.1875,23.1875,23.00,23.0625,7200,17.48451
2000-06-26,23.25,23.875,23.25,23.875,12500,18.10049
2000-06-27,23.875,23.875,23.8125,23.875,1100,18.10049
2000-06-28,23.625,24.375,23.625,24.00,5100,18.19526
2000-06-29,24.00,24.4375,24.00,24.4375,2100,18.64347
2000-06-30,24.375,24.625,24.375,24.625,9800,18.78651
2000-07-03,24.1875,24.875,24.1875,24.75,2500,18.8818
2000-07-05,24.75,24.75,24.1875,24.75,4000,18.8818
2000-07-06,24.25,25.875,24.25,25.875,9300,19.74014
2000-07-07,25.875,26.00,25.25,25.25,3800,19.26333
2000-07-10,24.125,25.875,24.125,24.3125,1700,18.54810
2000-07-11,24.3125,24.875,24.3125,24.3125,1300,18.54810
2000-07-12,24.3125,24.5625,24.25,24.25,7900,18.50042
2000-07-13,25.00,25.3125,24.03125,25.0625,20200,19.12028
2000-07-14,25.00,25.00,24.375,24.9375,1700,19.02492
2000-07-17,25.0625,25.125,24.75,24.75,1200,18.8818
2000-07-18,24.5625,24.5625,24.5625,24.5625,100,18.73883
2000-07-19,24.00,25.375,24.00,25.375,700,19.35869
2000-07-20,24.25,24.375,23.8125,24.375,5100,18.59579
2000-07-21,24.3125,24.3125,23.6875,23.75,1800,18.11897
2000-07-24,23.6875,24.375,23.6875,24.00,3900,18.30970
2000-07-25,24.125,24.375,23.75,24.00,39200,18.30970
2000-07-26,24.1875,25.75,24.1875,25.50,8300,19.45405
2000-07-27,25.125,25.75,24.6875,24.6875,4200,18.83419
2000-07-28,24.625,24.6875,24.375,24.390619,2900,18.60770
2000-07-31,24.8125,25.75,24.8125,25.75,4000,19.64478
2000-08-01,25.00,25.50,24.8125,24.8125,2100,18.92956
2000-08-02,25.00,25.50,25.00,25.125,3200,19.16796
2000-08-03,25.125,25.5625,25.125,25.5625,3200,19.50173
2000-08-04,25.125,25.125,25.125,25.125,1100,19.16796
2000-08-07,25.5625,25.5625,25.125,25.25,2500,19.26333
2000-08-08,25.50,25.625,25.50,25.625,6800,19.54942
2000-08-09,25.375,25.625,25.375,25.4375,13400,19.40637
2000-08-10,25.50,25.625,25.50,25.5625,2300,19.50173
2000-08-11,25.5625,25.625,25.50,25.50,5600,19.45405
2000-08-14,25.50,25.875,25.50,25.875,21300,19.74014
2000-08-15,25.6875,25.75,25.50,25.6875,1900,19.59710
2000-08-16,25.875,25.875,25.50,25.8125,2800,19.69246
2000-08-17,25.50,25.625,25.375,25.50,10500,19.45405
2000-08-18,25.375,25.6875,25.375,25.50,5700,19.45405
2000-08-21,25.50,25.625,25.50,25.625,3800,19.54942
2000-08-22,25.50,25.5625,25.50,25.50,7000,19.45405
2000-08-23,25.50,25.6875,24.00,24.0625,14500,18.35738
2000-08-24,24.125,24.6875,24.125,24.25,1300,18.50042
2000-08-25,24.3125,24.3125,24.125,24.3125,1300,18.54810
2000-08-28,24.3125,24.3125,24.3125,24.3125,000,18.54810
2000-08-29,24.125,25.25,23.5625,25.25,6400,19.26333
2000-08-30,24.50,24.50,24.0625,24.50,5900,18.69115
2000-08-31,24.50,25.50,24.25,25.25,10200,19.26333
2000-09-01,25.1875,25.1875,24.875,25.1875,3000,19.2156
2000-09-05,25.1875,25.1875,25.00,25.125,2800,19.16796
2000-09-06,24.50,25.125,24.50,24.875,2400,18.97724
2000-09-07,24.50,25.125,24.50,25.125,8100,19.16796
2000-09-08,25.1875,25.1875,25.00,25.00,1500,19.07260
2000-09-11,24.8125,25.00,24.8125,25.00,3400,19.07260
2000-09-12,24.9375,25.0625,24.9375,25.0625,2400,19.12028
2000-09-13,25.00,25.25,25.00,25.00,2500,19.07260
2000-09-14,25.25,25.25,25.25,25.25,2600,19.26333
2000-09-15,25.00,25.4375,24.9375,25.00,6900,19.07260
2000-09-18,25.25,25.50,25.00,25.125,16200,19.16796
2000-09-19,25.125,25.50,25.0625,25.0625,9700,19.12028
2000-09-20,25.25,25.25,25.00,25.125,13700,19.16796
2000-09-21,25.1875,25.1875,24.8125,25.00,5200,19.07260
2000-09-22,24.75,24.75,24.5625,24.5625,1000,18.73883
2000-09-25,24.328119,24.75,24.328119,24.375,10400,18.59579
2000-09-26,24.8125,24.8125,24.375,24.375,1500,18.59579
2000-09-27,24.125,24.125,23.875,24.00,8500,18.30970
2000-09-28,23.8125,23.8125,23.8125,23.8125,000,18.28091
2000-09-29,24.00,24.1875,23.75,24.1875,14400,18.56880
2000-10-02,24.75,24.75,23.75,24.5625,4500,18.8566
2000-10-03,24.00,24.5625,24.00,24.00,9200,18.42485
2000-10-04,24.00,24.00,23.50,24.00,5800,18.42485
2000-10-05,23.875,24.25,23.625,24.25,13600,18.61678
2000-10-06,23.625,23.6875,22.25,22.875,7900,17.56119
2000-10-09,23.50,23.75,23.50,23.5625,5900,18.08898
2000-10-10,23.5625,24.1875,23.5625,24.00,2700,18.42485
2000-10-11,24.00,24.125,23.875,24.125,9000,18.5208
2000-10-12,23.9375,24.25,23.75,23.75,7300,18.23293
2000-10-13,24.00,24.75,23.6875,24.75,18000,19.00063
2000-10-16,24.65625,25.00,23.9375,24.5625,11600,18.8566
2000-10-17,24.50,24.5625,24.00,24.5625,6500,18.8566
2000-10-18,24.0625,25.25,24.0625,25.25,6600,19.38448
2000-10-19,24.25,27.6875,24.25,26.8125,39800,20.58402
2000-10-20,26.625,26.875,26.3125,26.8125,3600,20.58402
2000-10-23,26.875,27.8125,26.3125,27.75,14100,21.30374
2000-10-24,27.75,27.8125,26.00,27.125,7300,20.82392
2000-10-25,27.25,27.375,26.515619,26.625,4700,20.44007
2000-10-26,26.625,27.25,26.50,27.25,3500,20.9198
2000-10-27,26.390619,26.390619,26.390619,26.390619,400,20.26014
2000-10-30,26.9375,27.125,26.9375,27.125,2200,20.82392
2000-10-31,27.25,27.25,26.9375,27.125,8700,20.82392
2000-11-01,27.00,27.00,25.00,26.71875,8900,20.51204
2000-11-02,26.5625,26.609381,26.5625,26.5625,600,20.39209
2000-11-03,27.00,27.1875,27.00,27.00,4500,20.72796
2000-11-06,26.84375,27.00,26.3125,26.5625,2600,20.39209
2000-11-07,27.00,27.00,25.875,26.125,2200,20.05622
2000-11-08,26.125,26.1875,25.875,25.9375,3300,19.91228
2000-11-09,26.4375,26.4375,25.6875,26.4375,2500,20.29613
2000-11-10,25.6875,25.6875,25.4375,25.4375,1200,19.5284
2000-11-13,25.78125,26.00,25.75,25.9375,3800,19.91228
2000-11-14,25.921881,25.921881,24.625,25.00,6300,19.1925
2000-11-15,25.00,26.25,25.00,26.00,6600,19.96026
2000-11-16,25.625,25.625,25.50,25.50,1700,19.57641
2000-11-17,26.50,26.75,25.50,26.75,8800,20.53603
2000-11-20,26.375,26.375,25.375,25.75,8700,19.76833
2000-11-21,25.375,26.1875,25.375,26.1875,17500,20.10420
2000-11-22,25.75,26.125,25.75,26.125,600,20.05622
2000-11-24,26.25,26.375,26.00,26.296881,2300,20.18817
2000-11-27,26.484381,26.484381,26.00,26.25,2900,20.15218
2000-11-28,25.8125,25.8125,25.8125,25.8125,100,19.81631
2000-11-29,25.8125,25.8125,25.8125,25.8125,100,19.81631
2000-11-30,26.3125,26.453119,25.375,25.4375,17400,19.5284
2000-12-01,25.5625,25.5625,25.046881,25.046881,3000,19.2285
2000-12-04,25.5625,25.5625,25.375,25.50,7800,19.57641
2000-12-05,25.50,25.5625,25.50,25.5625,3100,19.62439
2000-12-06,25.5625,26.3125,25.390619,25.390619,7000,19.49243
2000-12-07,26.4375,26.484381,25.375,25.5625,900,19.62439
2000-12-08,25.75,26.50,25.75,26.50,6000,20.34411
2000-12-11,26.50,26.75,26.125,26.75,7200,20.53603
2000-12-12,26.00,27.50,26.00,27.4375,4200,21.06383
2000-12-13,26.75,26.75,25.125,26.50,14600,20.34411
2000-12-14,25.50,26.375,23.25,23.75,23200,18.23293
2000-12-15,25.5625,25.75,23.9375,24.1875,16600,18.56880
2000-12-18,25.375,25.875,24.9375,24.9375,3200,19.14457
2000-12-19,25.00,25.50,24.9375,25.203119,3000,19.34849
2000-12-20,25.25,25.25,23.625,23.875,11900,18.32889
2000-12-21,24.00,24.9375,24.00,24.3125,5100,18.66476
2000-12-22,25.00,25.375,24.875,25.125,5700,19.28852
2000-12-26,25.25,25.3125,24.875,24.875,2600,19.09659
2000-12-27,24.9375,26.25,24.890619,26.25,11300,20.15218
2000-12-28,27.109381,27.375,26.00,27.046881,10300,20.76395
2000-12-29,27.125,27.25,27.0625,27.1875,4800,20.87190
2001-01-02,26.6875,27.25,26.625,26.75,5000,20.53603
2001-01-03,27.375,27.4375,26.75,27.4375,900,21.18261
2001-01-04,26.9375,29.984381,26.9375,28.125,17700,21.71338
2001-01-05,27.50,27.9375,27.00,27.00,2300,20.84485
2001-01-08,28.484381,28.484381,27.0625,27.4375,2900,21.18261
2001-01-09,27.8125,28.1875,27.75,27.75,1600,21.42387
2001-01-10,27.75,28.359381,27.50,27.75,8200,21.42387
2001-01-11,27.375,27.625,27.25,27.625,1800,21.32737
2001-01-12,27.6875,28.00,26.6875,26.6875,4800,20.60359
2001-01-16,26.625,27.50,26.625,27.4375,3100,21.18261
2001-01-17,27.625,28.00,26.9375,27.125,2600,20.94135
2001-01-18,27.25,28.75,27.125,28.09375,4500,21.68926
2001-01-19,28.50,28.625,28.3125,28.625,2600,22.09940
2001-01-22,28.125,29.00,27.3125,28.00,9000,21.61688
2001-01-23,25.75,28.5625,25.75,27.5625,4900,21.27911
2001-01-24,27.50,27.50,27.00,27.25,4100,21.0378
2001-01-25,27.3125,27.3125,26.00,26.00,3500,20.0728
2001-01-26,26.3125,26.75,26.25,26.375,3100,20.36233
2001-01-29,25.875,26.375,25.875,26.375,12500,20.36233
2001-01-30,26.375,26.6875,26.00,26.0625,4700,20.12107
2001-01-31,26.00,26.75,26.00,26.75,2300,20.65184
2001-02-01,26.75,27.25,26.4375,27.25,3000,21.0378
2001-02-02,28.00,28.00,26.75,27.25,3000,21.0378
2001-02-05,27.984381,28.125,27.25,28.125,2600,21.71338
2001-02-06,27.0625,28.00,27.0625,27.8125,3600,21.47212
2001-02-07,27.6875,28.50,27.6875,28.125,4400,21.71338
2001-02-08,28.4375,28.6875,26.625,28.6875,12700,22.14765
2001-02-09,28.50,28.50,27.8125,27.8125,2200,21.47212
2001-02-12,28.109381,28.109381,27.125,27.3125,9600,21.08611
2001-02-13,27.296881,27.9375,27.296881,27.875,16100,21.52037
2001-02-14,28.0625,28.125,27.375,27.375,3300,21.13436
2001-02-15,27.96875,27.96875,27.625,27.625,12500,21.32737
2001-02-16,27.625,27.625,27.50,27.50,3500,21.23086
2001-02-20,27.50,27.625,27.00,27.25,9000,21.0378
2001-02-21,27.00,27.75,27.00,27.015619,2000,20.8569
2001-02-22,27.50,27.50,26.00,26.00,2900,20.0728
2001-02-23,27.00,27.00,25.00,25.00,12200,19.30078
2001-02-26,25.4375,26.00,22.00,23.375,123400,18.04623
2001-02-27,24.00,25.00,24.00,25.00,10200,19.30078
2001-02-28,24.875,24.875,24.00,24.1875,9800,18.67351
2001-03-01,24.625,25.50,24.50,25.00,11400,19.30078
2001-03-02,24.9375,25.5625,24.6875,25.375,13700,19.590
2001-03-05,25.625,25.625,25.125,25.125,16800,19.39729
2001-03-06,25.421881,26.00,25.421881,25.8125,6600,19.92806
2001-03-07,25.875,26.00,25.00,25.875,20200,19.97631
2001-03-08,25.75,25.875,25.375,25.6875,11100,19.8315
2001-03-09,25.6875,25.6875,25.125,25.50,4700,19.68680
2001-03-12,25.1875,25.50,25.125,25.125,11300,19.39729
2001-03-13,25.125,25.50,25.125,25.50,8000,19.68680
2001-03-14,25.125,25.50,25.125,25.50,13800,19.68680
2001-03-15,25.0625,25.50,25.0625,25.125,9900,19.39729
2001-03-16,25.09375,26.00,25.00,25.50,15000,19.68680
2001-03-19,25.65625,25.859381,25.3125,25.8125,4300,19.92806
2001-03-20,26.00,26.125,25.46875,25.75,7200,19.87981
2001-03-21,25.75,26.25,25.125,26.25,2000,20.26582
2001-03-22,25.1875,25.50,25.00,25.50,10200,19.68680
2001-03-23,25.50,25.8125,25.25,25.75,12000,19.87981
2001-03-26,25.00,26.00,24.50,24.60,7500,18.99197
2001-03-27,24.559999,25.49,24.559999,25.49,4900,19.67908
2001-03-28,25.25,25.25,24.00,24.00,7500,18.52875
2001-03-29,24.110001,24.51,23.25,23.40,17800,18.06553
2001-03-30,24.49,25.379999,21.00,24.75,30800,19.10778
2001-04-02,24.50,24.82,24.50,24.639999,6900,19.02285
2001-04-03,24.66,24.77,24.66,24.76,2000,19.24043
2001-04-04,25.51,25.65,25.25,25.65,1100,19.93203
2001-04-05,25.629999,26.25,24.84,26.25,9000,20.39828
2001-04-06,25.65,25.75,25.65,25.709999,600,19.97866
2001-04-09,25.84,25.84,25.059999,25.629999,4400,19.91649
2001-04-10,25.629999,26.10,25.629999,26.10,3500,20.28172
2001-04-11,25.75,25.75,25.700001,25.700001,3500,19.97089
2001-04-12,25.700001,25.700001,25.50,25.50,1800,19.81547
2001-04-16,25.200001,25.690001,25.00,25.690001,6200,19.96312
2001-04-17,26.68,27.299999,26.59,27.17,16900,21.11319
2001-04-18,27.290001,27.42,26.40,27.42,11400,21.30746
2001-04-19,27.450001,28.799999,27.40,28.60,42700,22.22441
2001-04-20,28.799999,28.799999,27.809999,27.860001,16400,21.6493
2001-04-23,28.549999,29.50,27.889999,27.889999,7200,21.67269
2001-04-24,28.08,28.40,28.01,28.01,2600,21.76594
2001-04-25,27.959999,27.969999,27.719999,27.719999,3800,21.54058
2001-04-26,27.809999,27.90,27.700001,27.73,7300,21.54835
2001-04-27,27.75,28.209999,27.620001,27.620001,5300,21.46288
2001-04-30,28.00,28.15,27.90,27.90,5300,21.68046
2001-05-01,27.90,27.93,27.790001,27.91,11600,21.68823
2001-05-02,27.93,27.93,27.690001,27.91,1500,21.68823
2001-05-03,27.74,27.98,27.73,27.93,2600,21.70377
2001-05-04,27.93,28.93,27.799999,28.93,2400,22.48085
2001-05-07,27.50,28.67,27.50,27.879999,3700,21.6649
2001-05-08,29.200001,29.200001,27.799999,29.15,6100,22.65180
2001-05-09,29.190001,29.200001,28.620001,29.15,2900,22.65180
2001-05-10,28.76,29.15,28.75,28.940001,4000,22.48862
2001-05-11,28.700001,28.700001,28.200001,28.50,6500,22.14670
2001-05-14,29.00,29.00,27.799999,29.00,4900,22.53524
2001-05-15,28.99,29.00,28.50,28.50,2200,22.14670
2001-05-16,28.60,29.00,28.60,28.799999,6500,22.37983
2001-05-17,28.950001,29.00,28.719999,28.950001,1700,22.49639
2001-05-18,28.99,28.99,28.950001,28.950001,600,22.49639
2001-05-21,28.66,28.93,28.32,28.93,2000,22.48085
2001-05-22,28.93,28.950001,28.40,28.82,6000,22.39537
2001-05-23,28.940001,29.040001,28.299999,29.00,3000,22.53524
2001-05-24,28.540001,29.00,28.49,29.00,3900,22.53524
2001-05-25,28.50,29.00,28.50,29.00,3700,22.53524
2001-05-29,29.00,29.00,28.40,28.40,5400,22.06900
2001-05-30,28.49,28.790001,28.40,28.690001,1400,22.29435
2001-05-31,28.59,28.76,27.360001,27.360001,10000,21.26084
2001-06-01,27.41,28.389999,27.360001,28.389999,7500,22.0612
2001-06-04,28.200001,28.59,28.15,28.57,2800,22.20110
2001-06-05,28.40,28.65,28.10,28.65,7700,22.2632
2001-06-06,28.450001,28.65,28.059999,28.65,2300,22.2632
2001-06-07,28.66,28.799999,28.00,28.799999,2200,22.37983
2001-06-08,28.809999,28.809999,28.809999,28.809999,1100,22.38760
2001-06-11,28.91,28.91,28.790001,28.90,1000,22.45753
2001-06-12,28.60,29.00,28.60,29.00,7700,22.53524
2001-06-13,28.950001,29.16,28.950001,29.15,9100,22.65180
2001-06-14,29.10,29.209999,29.00,29.10,18900,22.61295
2001-06-15,29.08,29.18,29.00,29.030001,18000,22.5585
2001-06-18,29.15,29.15,28.50,28.700001,500,22.30212
2001-06-19,28.450001,29.24,28.00,28.00,5400,21.7581
2001-06-20,29.049999,29.049999,27.75,28.00,8300,21.7581
2001-06-21,29.10,29.25,29.00,29.25,14000,22.72951
2001-06-22,29.25,29.25,29.00,29.00,2600,22.53524
2001-06-25,27.549999,28.700001,27.549999,28.700001,13100,22.30212
2001-06-26,28.00,29.299999,28.00,29.299999,3000,22.7683
2001-06-27,29.299999,29.299999,29.00,29.25,6900,22.72951
2001-06-28,29.299999,29.299999,27.549999,29.00,11300,22.53524
2001-06-29,28.90,29.50,28.43,29.299999,5100,22.89468
2001-07-02,28.40,29.00,28.200001,28.940001,3800,22.61338
2001-07-03,29.09,29.09,28.059999,28.49,600,22.2617
2001-07-05,28.01,29.10,27.950001,27.99,1500,21.87106
2001-07-06,27.50,28.969999,27.25,27.809999,11900,21.73041
2001-07-09,27.799999,28.26,27.799999,28.16,3400,22.00390
2001-07-10,27.99,27.99,26.75,27.379999,22400,21.39441
2001-07-11,27.200001,27.780001,27.200001,27.60,5000,21.56632
2001-07-12,27.620001,27.99,27.549999,27.969999,6100,21.85543
2001-07-13,27.98,27.99,27.950001,27.99,700,21.87106
2001-07-16,27.99,27.99,26.85,27.35,13600,21.37097
2001-07-17,27.50,27.860001,27.00,27.860001,1000,21.76948
2001-07-18,27.15,27.32,26.700001,26.75,2900,20.90214
2001-07-19,26.799999,27.780001,26.700001,27.780001,7400,21.70697
2001-07-20,27.24,27.780001,26.940001,27.360001,800,21.37879
2001-07-23,27.309999,27.360001,25.75,26.549999,1800,20.74586
2001-07-24,27.360001,27.389999,27.120001,27.389999,3400,21.40223
2001-07-25,27.639999,27.719999,27.00,27.719999,1000,21.66009
2001-07-26,27.00,28.370001,27.00,27.559999,5200,21.53506
2001-07-27,27.85,28.40,27.530001,27.889999,3600,21.79292
2001-07-30,27.08,27.50,26.940001,27.18,8900,21.23814
2001-07-31,27.00,28.01,27.00,27.209999,7600,21.26158
2001-08-01,27.85,27.85,27.85,27.85,400,21.76167
2001-08-02,27.200001,27.35,27.200001,27.200001,2000,21.2537
2001-08-03,27.00,28.200001,27.00,27.08,3900,21.16000
2001-08-06,28.049999,28.049999,27.08,27.52,6500,21.50381
2001-08-07,27.01,28.10,27.01,28.10,2900,21.95701
2001-08-08,28.00,29.40,28.00,28.74,10100,22.45710
2001-08-09,28.09,28.17,27.530001,28.139999,9300,21.98827
2001-08-10,27.530001,28.85,27.530001,28.85,1400,22.54306
2001-08-13,28.780001,28.870001,27.76,28.26,6000,22.08204
2001-08-14,27.709999,28.34,27.50,28.00,8400,21.8788
2001-08-15,28.25,28.25,27.530001,28.190001,900,22.02734
2001-08-16,28.25,29.50,27.50,29.469999,5400,23.02752
2001-08-17,29.299999,29.50,29.049999,29.27,7900,22.87124
2001-08-20,29.299999,29.32,28.65,29.219999,7700,22.83217
2001-08-21,29.52,29.52,29.10,29.10,5500,22.73840
2001-08-22,29.10,29.49,28.51,28.540001,4800,22.30083
2001-08-23,28.540001,28.700001,28.51,28.51,6400,22.27738
2001-08-24,28.51,28.65,28.51,28.60,2500,22.34771
2001-08-27,29.00,29.65,28.700001,29.450001,3200,23.01189
2001-08-28,29.00,29.00,28.10,28.50,3700,22.26957
2001-08-29,28.700001,28.700001,27.50,28.65,8700,22.38678
2001-08-30,28.299999,28.299999,28.00,28.190001,6300,22.02734
2001-08-31,28.50,28.50,28.00,28.50,5200,22.26957
2001-09-04,28.639999,28.639999,27.780001,28.59,2700,22.339
2001-09-05,28.65,28.690001,27.700001,28.440001,4100,22.22269
2001-09-06,28.299999,28.299999,27.75,27.84,12400,21.75385
2001-09-07,27.84,27.870001,27.50,27.860001,3800,21.76948
2001-09-10,27.90,27.90,26.00,27.389999,20000,21.40223
2001-09-17,27.35,27.35,26.00,26.74,23100,20.8943
2001-09-18,26.379999,26.379999,25.85,26.01,14800,20.32391
2001-09-19,26.74,28.00,24.50,25.99,5800,20.30828
2001-09-20,25.75,25.75,24.50,24.969999,7000,19.51127
2001-09-21,24.17,24.18,23.50,23.65,8700,18.4798
2001-09-24,23.700001,23.700001,22.700001,22.790001,9100,17.80784
2001-09-25,24.40,24.40,22.25,23.969999,20000,18.72988
2001-09-26,23.25,24.120001,23.219999,24.120001,6000,18.84709
2001-09-27,24.15,24.40,23.40,24.40,3900,19.06588
2001-09-28,24.40,24.40,23.40,24.40,4700,19.06588
2001-10-01,24.75,24.969999,23.90,24.25,4500,18.94867
2001-10-02,24.25,24.799999,24.25,24.799999,800,19.50714
2001-10-03,23.90,24.969999,22.90,23.370001,7600,18.38233
2001-10-04,23.01,24.959999,23.01,23.799999,11500,18.72056
2001-10-05,23.120001,24.40,22.780001,22.780001,10900,17.91825
2001-10-08,22.51,23.00,22.51,22.99,900,18.08343
2001-10-09,22.98,23.40,22.65,23.40,3800,18.40593
2001-10-10,23.40,23.40,22.700001,23.35,5800,18.36660
2001-10-11,23.60,23.60,22.950001,23.450001,3400,18.44526
2001-10-12,23.379999,23.379999,22.99,23.15,5400,18.2092
2001-10-15,23.200001,23.200001,23.00,23.00,1800,18.09130
2001-10-16,23.10,23.299999,23.00,23.00,10200,18.09130
2001-10-17,23.00,23.18,22.75,23.16,4900,18.21715
2001-10-18,23.00,23.00,22.85,22.99,1800,18.08343
2001-10-19,22.90,23.18,22.75,22.75,9100,17.89465
2001-10-22,23.139999,23.15,22.549999,22.549999,16500,17.73734
2001-10-23,23.00,23.49,22.99,23.25,1200,18.28794
2001-10-24,23.50,24.49,23.50,24.00,1600,18.87788
2001-10-25,23.51,24.469999,23.51,24.219999,4300,19.05092
2001-10-26,24.450001,24.969999,24.01,24.49,6800,19.26330
2001-10-29,24.00,25.00,23.549999,23.950001,10000,18.83855
2001-10-30,23.799999,24.40,23.75,24.40,1000,19.19251
2001-10-31,23.27,24.700001,23.27,24.65,1000,19.38915
2001-11-01,23.299999,23.75,22.75,22.889999,7600,18.00477
2001-11-02,22.85,23.309999,22.85,22.860001,900,17.98118
2001-11-05,23.200001,23.200001,22.90,23.200001,6400,18.2486
2001-11-06,24.00,24.00,23.00,23.00,5300,18.09130
2001-11-07,23.57,23.969999,23.459999,23.459999,5000,18.45312
2001-11-08,23.469999,23.870001,22.50,23.870001,9500,18.77562
2001-11-09,23.50,23.889999,23.25,23.889999,1400,18.79135
2001-11-12,23.50,23.809999,23.50,23.809999,1000,18.72843
2001-11-13,23.65,23.870001,23.549999,23.870001,2600,18.77562
2001-11-14,23.870001,23.889999,23.870001,23.889999,700,18.79135
2001-11-15,23.51,24.969999,23.51,24.969999,4800,19.64086
2001-11-16,24.57,24.57,24.57,24.57,500,19.32623
2001-11-19,23.65,24.57,23.65,24.57,2900,19.32623
2001-11-20,24.60,25.10,23.940001,24.719999,5500,19.44421
2001-11-21,25.27,26.00,23.969999,24.02,6900,18.89361
2001-11-23,25.299999,25.50,24.76,25.50,2300,20.0577
2001-11-26,25.01,25.969999,23.75,24.610001,16800,19.35769
2001-11-27,25.25,25.950001,23.049999,23.049999,3900,18.13063
2001-11-28,25.00,26.35,24.18,26.35,4200,20.72634
2001-11-29,25.549999,26.450001,25.549999,26.450001,4100,20.80
2001-11-30,26.450001,26.68,26.02,26.68,7000,20.98591
2001-12-03,26.99,26.99,26.540001,26.889999,1400,21.15109
2001-12-04,26.860001,27.15,26.57,26.65,2000,20.96231
2001-12-05,27.50,28.00,27.50,27.719999,7600,21.80395
2001-12-06,27.90,28.200001,27.790001,27.799999,8400,21.86687
2001-12-07,27.790001,28.50,27.35,27.35,7800,21.5129
2001-12-10,27.35,28.27,26.530001,27.00,3100,21.23761
2001-12-11,28.42,28.459999,27.08,27.08,3000,21.30054
2001-12-12,27.60,27.700001,24.50,24.549999,9400,19.310
2001-12-13,24.25,25.360001,24.25,24.549999,2300,19.310
2001-12-14,24.90,25.00,24.50,24.50,2300,19.27117
2001-12-17,24.99,27.75,24.549999,27.52,12600,21.64663
2001-12-18,25.040001,26.950001,24.809999,26.950001,6400,21.19828
2001-12-19,26.32,26.959999,25.32,26.790001,7400,21.07243
2001-12-20,26.790001,27.52,26.030001,26.50,7900,20.84432
2001-12-21,27.00,27.00,26.190001,26.629999,21400,20.94658
2001-12-24,27.00,27.00,26.73,26.73,3800,21.02524
2001-12-26,26.969999,26.969999,26.23,26.50,4500,20.84432
2001-12-27,26.75,26.75,25.450001,26.10,2700,20.52969
2001-12-28,26.15,26.65,25.75,26.25,6800,20.64768
2001-12-31,26.25,26.620001,25.780001,26.00,3200,20.57645
2002-01-02,26.99,26.99,26.35,26.50,14900,20.97215
2002-01-03,26.50,26.549999,26.379999,26.549999,16900,21.01172
2002-01-04,26.40,27.00,25.01,26.969999,5100,21.34411
2002-01-07,26.99,26.99,25.709999,25.709999,9000,20.34694
2002-01-08,26.889999,26.889999,25.799999,26.889999,6900,21.28080
2002-01-09,26.790001,27.25,26.50,26.99,6900,21.35994
2002-01-10,26.50,27.309999,26.00,27.309999,6300,21.61319
2002-01-11,27.440001,27.82,27.299999,27.790001,2100,21.99306
2002-01-14,27.93,28.50,27.93,28.00,3600,22.15926
2002-01-15,28.280001,29.15,28.030001,28.90,3500,22.87152
2002-01-16,29.209999,29.209999,28.50,29.00,11200,22.95066
2002-01-17,28.07,28.549999,28.040001,28.040001,4100,22.19091
2002-01-18,28.25,28.719999,28.01,28.50,2300,22.55496
2002-01-22,28.700001,28.700001,26.129999,26.129999,14700,20.67933
2002-01-23,27.450001,27.66,26.90,27.00,7000,21.36785
2002-01-24,26.719999,27.43,26.719999,27.049999,3100,21.40742
2002-01-25,27.00,27.549999,26.10,27.50,6400,21.76355
2002-01-28,27.49,28.049999,27.25,28.00,3200,22.15926
2002-01-29,27.799999,28.09,27.50,28.08,39600,22.22257
2002-01-30,27.030001,27.77,26.15,26.60,1900,21.05129
2002-01-31,27.10,28.09,27.00,27.950001,6800,22.11969
2002-02-01,27.950001,27.950001,27.01,27.01,4100,21.37577
2002-02-04,27.00,27.200001,27.00,27.200001,2100,21.52613
2002-02-05,27.10,27.610001,27.00,27.610001,6500,21.85061
2002-02-06,27.860001,27.860001,27.370001,27.709999,27700,21.92975
2002-02-07,27.809999,27.91,26.809999,27.280001,8500,21.58945
2002-02-08,27.379999,27.60,26.799999,27.40,3600,21.68441
2002-02-11,27.65,27.65,26.66,26.73,3800,21.15417
2002-02-12,26.60,26.75,26.60,26.65,900,21.09086
2002-02-13,27.10,27.450001,26.75,27.450001,2100,21.7239
2002-02-14,27.50,28.60,26.700001,28.60,5200,22.63410
2002-02-15,27.16,27.290001,26.93,26.93,900,21.3124
2002-02-19,26.93,28.34,26.93,27.50,18400,21.76355
2002-02-20,28.49,28.49,27.40,27.50,3900,21.76355
2002-02-21,27.50,28.01,27.309999,27.309999,4000,21.61319
2002-02-22,27.25,28.50,27.059999,28.50,6700,22.55496
2002-02-25,28.50,29.40,28.049999,28.25,10900,22.35711
2002-02-26,28.25,28.25,27.610001,28.15,19400,22.27797
2002-02-27,28.17,28.17,27.66,27.66,3100,21.89018
2002-02-28,27.83,27.98,27.26,27.98,13600,22.14343
2002-03-01,27.299999,27.879999,27.299999,27.85,3800,22.0405
2002-03-04,27.90,28.10,27.799999,28.10,9100,22.23840
2002-03-05,27.99,28.120001,27.51,27.51,8400,21.77147
2002-03-06,27.92,28.07,27.549999,28.00,12400,22.15926
2002-03-07,27.799999,28.059999,27.799999,28.00,20800,22.15926
2002-03-08,27.99,28.059999,27.90,28.049999,43100,22.1988
2002-03-11,27.91,28.09,27.879999,28.00,17500,22.15926
2002-03-12,28.10,28.10,27.98,27.98,7100,22.14343
2002-03-13,28.049999,28.049999,28.00,28.00,4600,22.15926
2002-03-14,28.030001,28.15,28.00,28.15,9700,22.27797
2002-03-15,28.10,28.200001,27.950001,28.00,11800,22.15926
2002-03-18,28.24,28.24,27.92,28.049999,32400,22.1988
2002-03-19,28.00,28.059999,28.00,28.049999,15100,22.1988
2002-03-20,28.040001,28.10,28.00,28.10,12700,22.23840
2002-03-21,28.10,28.15,27.91,28.15,9400,22.27797
2002-03-22,28.10,28.15,28.00,28.00,20700,22.15926
2002-03-25,28.00,28.25,28.00,28.18,18000,22.30171
2002-03-26,28.02,28.75,28.00,28.75,84700,22.75281
2002-03-27,28.50,28.75,28.450001,28.75,1600,22.75281
2002-03-28,28.75,28.99,28.60,28.82,19500,22.8082
2002-04-01,28.809999,29.25,28.809999,29.00,15300,22.95066
2002-04-02,29.139999,29.25,28.950001,29.00,5100,22.95066
2002-04-03,29.00,29.200001,28.950001,29.00,35300,23.0779
2002-04-04,29.00,29.27,28.799999,29.00,5000,23.0779
2002-04-05,28.969999,29.280001,28.969999,29.27,5400,23.29285
2002-04-08,29.27,29.700001,28.73,29.700001,5400,23.63504
2002-04-09,29.75,29.75,29.10,29.309999,14900,23.32468
2002-04-10,29.450001,29.75,29.40,29.700001,5300,23.63504
2002-04-11,29.74,29.950001,29.60,29.799999,12800,23.71462
2002-04-12,30.00,31.129999,30.00,31.129999,14600,24.77302
2002-04-15,31.139999,31.790001,31.139999,31.790001,6900,25.29825
2002-04-16,31.790001,31.969999,31.50,31.700001,13200,25.22663
2002-04-17,31.98,31.99,30.200001,30.200001,15500,24.03294
2002-04-18,31.74,32.09,30.200001,30.200001,28500,24.03294
2002-04-19,30.799999,31.129999,30.200001,30.90,5300,24.58999
2002-04-22,31.00,31.290001,30.50,30.700001,8800,24.43083
2002-04-23,31.200001,31.27,30.59,31.15,36200,24.78894
2002-04-24,31.40,31.99,31.10,31.959999,8600,25.43353
2002-04-25,31.90,31.90,31.379999,31.59,26600,25.13909
2002-04-26,31.59,31.75,31.450001,31.450001,8900,25.02768
2002-04-29,31.40,31.99,31.40,31.93,10700,25.40966
2002-04-30,31.950001,32.049999,31.799999,32.049999,12400,25.50515
2002-05-01,32.049999,32.799999,31.40,32.799999,22900,26.10200
2002-05-02,31.299999,32.50,31.209999,31.93,22500,25.40966
2002-05-03,31.77,33.09,31.76,33.09,17900,26.33278
2002-05-06,33.150002,33.220001,31.860001,31.870001,14300,25.36191
2002-05-07,32.290001,32.849998,32.040001,32.040001,14700,25.49720
2002-05-08,32.389999,32.540001,31.969999,32.209999,9900,25.63248
2002-05-09,32.259998,32.259998,31.10,31.10,6400,24.74915
2002-05-10,31.049999,31.91,30.60,30.60,16500,24.35125
2002-05-13,30.65,31.43,30.52,30.52,15300,24.28759
2002-05-14,30.76,32.50,30.76,32.50,25900,25.86326
2002-05-15,32.00,33.200001,32.00,32.540001,29800,25.89509
2002-05-16,33.200001,33.200001,31.290001,31.60,19900,25.14705
2002-05-17,32.009998,32.009998,31.469999,31.469999,3400,25.04359
2002-05-20,32.080002,32.119999,31.15,31.15,4700,24.78894
2002-05-21,31.50,31.90,30.870001,31.09,9800,24.74119
2002-05-22,31.08,31.09,30.700001,30.700001,3900,24.43083
2002-05-23,30.549999,31.549999,30.540001,31.25,23900,24.86852
2002-05-24,30.40,31.82,30.40,31.200001,11200,24.82873
2002-05-28,31.620001,31.709999,30.85,31.709999,16900,25.23458
2002-05-29,30.90,31.440001,30.799999,30.799999,21300,24.51041
2002-05-30,30.799999,31.09,30.77,31.059999,4700,24.71732
2002-05-31,31.059999,31.299999,30.469999,30.969999,10200,24.64570
2002-06-03,31.200001,31.200001,30.25,30.25,6600,24.07273
2002-06-04,30.15,30.15,28.379999,29.43,17300,23.42018
2002-06-05,28.889999,29.75,28.889999,29.10,7900,23.1575
2002-06-06,30.41,30.41,27.620001,27.620001,19400,21.97979
2002-06-07,27.709999,28.10,26.60,26.799999,13500,21.32724
2002-06-10,27.51,28.559999,27.51,27.620001,17300,21.97979
2002-06-11,29.09,29.540001,27.65,27.65,19500,22.00366
2002-06-12,27.75,27.93,27.40,27.40,34000,21.80472
2002-06-13,27.65,27.75,27.360001,27.58,11500,21.94796
2002-06-14,27.540001,28.25,27.33,27.33,21500,21.74901
2002-06-17,27.75,27.799999,27.33,27.700001,13300,22.0434
2002-06-18,27.719999,27.969999,27.559999,27.91,7300,22.21057
2002-06-19,28.25,28.549999,27.639999,28.299999,19000,22.52093
2002-06-20,28.65,28.74,28.48,28.52,21700,22.6960
2002-06-21,28.74,29.799999,28.190001,29.58,25500,23.5395
2002-06-24,29.40,29.90,28.120001,29.67,13000,23.61117
2002-06-25,28.26,30.00,28.26,29.91,12300,23.80216
2002-06-26,29.809999,30.00,29.35,29.950001,13400,23.83399
2002-06-27,29.99,30.60,29.549999,30.60,6100,24.35125
2002-06-28,30.59,31.10,29.32,30.809999,60900,24.51837
2002-07-01,30.49,30.60,29.690001,30.32,12500,24.25439
2002-07-02,29.870001,30.74,29.870001,29.889999,11600,23.91041
2002-07-03,29.60,29.799999,29.299999,29.67,8600,23.73442
2002-07-05,29.99,30.00,29.99,30.00,6400,23.99840
2002-07-08,29.540001,30.00,29.530001,29.66,4100,23.72642
2002-07-09,29.75,30.00,29.75,30.00,3800,23.99840
2002-07-10,29.719999,30.00,29.65,29.870001,13900,23.89441
2002-07-11,29.90,29.969999,28.940001,29.719999,7300,23.77442
2002-07-12,29.40,29.74,28.68,29.02,70500,23.21446
2002-07-15,29.49,29.49,28.15,28.450001,33100,22.75849
2002-07-16,28.969999,28.969999,28.389999,28.469999,7700,22.7744
2002-07-17,28.530001,28.540001,28.01,28.469999,19300,22.7744
2002-07-18,28.469999,28.60,28.01,28.120001,15000,22.49450
2002-07-19,27.950001,28.48,27.92,28.059999,11800,22.44651
2002-07-22,27.870001,27.870001,26.75,26.92,32400,21.53457
2002-07-23,26.77,27.35,25.57,25.68,27200,20.54263
2002-07-24,25.57,26.450001,24.719999,26.00,16300,20.79862
2002-07-25,25.690001,26.51,25.50,26.10,18700,20.87861
2002-07-26,25.76,25.99,25.50,25.85,14100,20.67862
2002-07-29,25.50,27.90,25.50,27.879999,27900,22.30252
2002-07-30,27.90,27.90,27.290001,27.42,13200,21.93454
2002-07-31,27.98,27.98,26.99,26.99,9100,21.59056
2002-08-01,27.790001,27.799999,27.01,27.57,4500,22.05453
2002-08-02,26.799999,27.24,26.799999,26.82,4900,21.45457
2002-08-05,26.799999,26.82,26.41,26.41,2100,21.12659
2002-08-06,26.58,27.190001,26.58,27.190001,3900,21.75055
2002-08-07,27.190001,27.65,27.190001,27.65,5000,22.11853
2002-08-08,27.389999,28.299999,27.00,28.299999,7700,22.63849
2002-08-09,28.049999,28.549999,27.50,28.049999,5900,22.43851
2002-08-12,26.60,27.75,26.60,26.76,35800,21.40658
2002-08-13,26.77,27.370001,26.77,27.00,10800,21.59856
2002-08-14,26.700001,27.25,26.25,27.129999,27900,21.7025
2002-08-15,27.129999,28.10,26.690001,27.99,6500,22.39051
2002-08-16,28.129999,28.18,25.889999,27.950001,10000,22.35851
2002-08-19,27.51,28.18,27.51,27.889999,9200,22.3105
2002-08-20,27.889999,27.950001,26.59,26.59,11100,21.2705
2002-08-21,26.700001,27.50,26.66,27.50,8100,21.99854
2002-08-22,27.200001,27.84,27.16,27.41,3800,21.92654
2002-08-23,27.41,27.99,26.82,26.82,7900,21.45457
2002-08-26,26.83,27.93,26.83,27.93,4700,22.34251
2002-08-27,27.92,27.92,27.049999,27.10,20200,21.67856
2002-08-28,27.959999,27.959999,27.049999,27.049999,4500,21.63856
2002-08-29,27.049999,27.67,27.049999,27.459999,11800,21.96654
2002-08-30,27.940001,27.940001,27.459999,27.780001,1000,22.22252
2002-09-03,27.459999,27.620001,26.99,26.99,12900,21.59056
2002-09-04,27.50,27.84,27.01,27.84,1300,22.27052
2002-09-05,26.50,27.48,26.49,26.99,12600,21.59056
2002-09-06,27.00,27.389999,26.99,27.00,3800,21.59856
2002-09-09,27.10,27.200001,26.76,26.77,10500,21.41458
2002-09-10,26.700001,27.290001,26.60,27.290001,25600,21.83055
2002-09-11,27.280001,27.65,27.110001,27.110001,700,21.68656
2002-09-12,27.65,27.66,27.110001,27.120001,6000,21.69456
2002-09-13,27.15,27.450001,27.120001,27.450001,6200,21.95854
2002-09-16,27.120001,27.82,27.120001,27.82,3900,22.25452
2002-09-17,27.799999,27.860001,27.34,27.66,11100,22.12653
2002-09-18,27.65,27.82,27.309999,27.82,6200,22.25452
2002-09-19,27.809999,27.809999,27.389999,27.389999,2400,21.91054
2002-09-20,27.950001,28.35,27.370001,27.370001,23600,21.89454
2002-09-23,27.50,28.08,27.27,27.280001,5700,21.82255
2002-09-24,27.27,28.23,27.27,28.23,12300,22.58250
2002-09-25,28.01,28.50,27.83,28.35,5000,22.67849
2002-09-26,28.440001,29.190001,28.129999,29.190001,4700,23.35045
2002-09-27,29.290001,29.290001,28.959999,28.98,3600,23.18246
2002-09-30,28.99,29.15,28.98,29.15,13900,23.31845
2002-10-01,29.190001,29.40,28.799999,29.40,8800,23.5184
2002-10-02,29.200001,29.200001,28.99,29.200001,3700,23.48626
2002-10-03,28.85,29.200001,28.799999,28.799999,4700,23.16453
2002-10-04,28.60,29.200001,28.450001,28.84,1500,23.19671
2002-10-07,28.459999,28.60,28.459999,28.58,1500,22.98758
2002-10-08,28.459999,28.799999,28.200001,28.24,7000,22.71411
2002-10-09,27.639999,28.370001,27.610001,28.34,18100,22.7945
2002-10-10,27.91,28.200001,27.75,28.18,4700,22.66585
2002-10-11,28.00,28.200001,27.90,27.90,13600,22.44064
2002-10-14,27.90,27.91,26.90,27.549999,19500,22.15913
2002-10-15,27.790001,28.50,27.67,28.50,6200,22.92324
2002-10-16,27.66,28.67,27.66,28.67,7400,23.05997
2002-10-17,28.549999,28.75,28.34,28.35,11200,22.80259
2002-10-18,28.74,28.75,28.16,28.60,13100,23.00367
2002-10-21,28.75,28.799999,28.48,28.60,22600,23.00367
2002-10-22,28.58,28.58,28.389999,28.549999,8400,22.96345
2002-10-23,28.549999,28.75,28.450001,28.74,4600,23.11627
2002-10-24,28.540001,28.60,28.40,28.59,4000,22.99563
2002-10-25,28.440001,28.549999,28.42,28.549999,3100,22.96345
2002-10-28,28.799999,28.84,28.129999,28.40,10900,22.84280
2002-10-29,28.35,28.549999,28.25,28.43,6000,22.86693
2002-10-30,28.700001,28.719999,28.25,28.700001,57800,23.08410
2002-10-31,28.52,28.75,28.25,28.690001,50000,23.07606
2002-11-01,28.700001,29.34,28.290001,29.33,58300,23.59083
2002-11-04,29.34,29.40,28.690001,28.799999,13500,23.16453
2002-11-05,29.00,29.40,28.84,29.40,4600,23.64713
2002-11-06,29.799999,29.799999,29.040001,29.040001,8300,23.35757
2002-11-07,29.040001,29.540001,29.040001,29.24,5300,23.51844
2002-11-08,29.24,29.48,29.16,29.16,6400,23.45409
2002-11-11,29.370001,29.370001,29.10,29.10,1900,23.40583
2002-11-12,29.440001,29.440001,29.10,29.32,11700,23.58278
2002-11-13,29.120001,29.379999,29.120001,29.370001,16700,23.62300
2002-11-14,29.42,29.75,29.299999,29.690001,17800,23.88038
2002-11-15,29.459999,29.459999,28.860001,28.870001,12300,23.22084
2002-11-18,28.74,29.77,28.74,29.51,8200,23.73560
2002-11-19,29.790001,29.799999,29.25,29.25,2300,23.52648
2002-11-20,29.50,29.639999,29.059999,29.25,2500,23.52648
2002-11-21,29.639999,30.35,29.639999,30.190001,10200,24.2825
2002-11-22,30.450001,30.629999,30.23,30.24,3300,24.32276
2002-11-25,30.549999,31.08,30.540001,31.040001,3000,24.96622
2002-11-26,30.139999,31.27,29.290001,31.040001,7100,24.96622
2002-11-27,31.26,31.639999,30.34,30.889999,26900,24.84557
2002-11-29,30.58,30.889999,30.26,30.60,5900,24.61232
2002-12-02,31.01,31.27,30.219999,31.27,2600,25.1512
2002-12-03,30.940001,31.280001,30.940001,31.25,2900,25.13513
2002-12-04,30.60,31.219999,30.23,30.99,8800,24.92600
2002-12-05,30.66,30.66,29.950001,30.059999,3600,24.17798
2002-12-06,29.83,30.120001,29.33,29.469999,4400,23.70343
2002-12-09,29.370001,29.940001,29.370001,29.629999,6500,23.83212
2002-12-10,29.77,30.459999,29.450001,30.459999,24900,24.49971
2002-12-11,29.950001,31.10,29.950001,30.870001,3900,24.82949
2002-12-12,30.639999,32.669998,30.040001,31.90,34800,25.65794
2002-12-13,31.74,31.90,30.26,30.549999,13800,24.57210
2002-12-16,30.700001,31.00,30.450001,31.00,7000,24.93405
2002-12-17,31.50,31.51,30.700001,31.00,4400,24.93405
2002-12-18,30.879999,31.00,30.690001,30.83,3300,24.79731
2002-12-19,30.959999,31.00,30.059999,30.530001,6900,24.5560
2002-12-20,30.870001,30.870001,29.719999,29.780001,19900,23.95277
2002-12-23,29.98,30.99,29.98,30.50,3600,24.5318
2002-12-24,30.309999,30.51,29.780001,29.879999,3700,24.03320
2002-12-26,29.99,30.83,29.99,30.76,1400,24.74101
2002-12-27,30.67,31.00,29.98,29.98,5300,24.11364
2002-12-30,30.00,30.17,29.75,30.17,11400,24.26646
2002-12-31,30.799999,30.98,30.129999,30.98,7700,25.05081
2003-01-02,30.67,30.67,30.07,30.50,7000,24.66268
2003-01-03,30.67,30.67,29.879999,30.00,8100,24.25837
2003-01-06,30.030001,30.290001,29.209999,30.00,10300,24.25837
2003-01-07,30.50,30.50,29.82,30.00,4200,24.25837
2003-01-08,30.00,30.200001,29.65,30.08,6400,24.32306
2003-01-09,29.66,29.959999,29.43,29.469999,8200,23.82981
2003-01-10,29.82,30.73,29.75,30.73,4900,24.84866
2003-01-13,30.469999,30.57,29.50,29.93,8600,24.20177
2003-01-14,29.93,30.809999,29.620001,30.809999,5100,24.91335
2003-01-15,30.99,30.99,30.110001,30.360001,1900,24.54947
2003-01-16,30.950001,30.950001,30.15,30.15,1700,24.37966
2003-01-17,30.370001,30.370001,29.450001,29.450001,6700,23.81363
2003-01-21,30.25,30.25,29.309999,29.57,2200,23.91067
2003-01-22,29.200001,29.450001,29.040001,29.110001,8300,23.53871
2003-01-23,28.860001,29.389999,28.299999,28.98,4700,23.43359
2003-01-24,28.23,28.40,27.85,27.85,3500,22.51985
2003-01-27,27.73,27.75,25.01,26.68,28500,21.57378
2003-01-28,26.870001,27.950001,26.870001,27.950001,7800,22.60072
2003-01-29,27.25,28.41,27.25,27.540001,13500,22.2691
2003-01-30,27.35,27.35,25.620001,26.309999,9400,21.27459
2003-01-31,26.00,27.42,26.00,26.75,3800,21.63038
2003-02-03,26.98,27.25,26.98,27.16,1000,21.96191
2003-02-04,27.25,28.59,27.10,28.00,26800,22.64115
2003-02-05,28.290001,28.85,27.98,28.299999,31500,22.88373
2003-02-06,28.59,28.610001,28.02,28.139999,21900,22.75435
2003-02-07,28.040001,28.040001,26.68,26.68,6200,21.57378
2003-02-10,26.049999,26.15,25.950001,26.030001,5700,21.04818
2003-02-11,25.75,26.17,25.50,25.65,15300,20.74091
2003-02-12,25.530001,26.02,25.26,25.700001,7000,20.78134
2003-02-13,25.309999,25.76,24.85,25.01,10500,20.22339
2003-02-14,25.389999,25.83,25.200001,25.629999,10400,20.72473
2003-02-18,25.33,26.27,25.129999,26.27,6600,21.24225
2003-02-19,26.120001,26.40,25.700001,26.40,5800,21.3473
2003-02-20,25.85,26.299999,25.75,26.129999,9500,21.12904
2003-02-21,25.969999,25.969999,25.719999,25.90,4400,20.94306
2003-02-24,25.77,25.90,25.280001,25.90,6600,20.94306
2003-02-25,25.690001,27.200001,25.370001,26.50,8000,21.42823
2003-02-26,26.42,26.52,25.75,25.75,3500,20.82177
2003-02-27,26.280001,26.290001,25.75,25.799999,8800,20.86220
2003-02-28,25.889999,26.00,23.74,25.50,15900,20.61961
2003-03-03,25.620001,25.75,25.26,25.27,5600,20.43363
2003-03-04,25.469999,25.469999,25.02,25.059999,10600,20.26382
2003-03-05,25.02,25.190001,25.01,25.139999,4000,20.32851
2003-03-06,25.190001,25.190001,24.92,25.00,4900,20.21531
2003-03-07,24.950001,25.15,24.82,24.82,2200,20.06976
2003-03-10,25.110001,25.200001,24.950001,25.01,5900,20.22339
2003-03-11,24.870001,24.959999,24.559999,24.959999,8500,20.18296
2003-03-12,24.709999,25.17,23.040001,23.040001,13800,18.63043
2003-03-13,23.030001,23.58,23.030001,23.50,27600,19.00239
2003-03-14,23.389999,24.030001,23.25,23.389999,16700,18.91344
2003-03-17,23.52,24.620001,22.969999,24.42,16700,19.74631
2003-03-18,24.799999,25.059999,24.08,25.059999,15100,20.26382
2003-03-19,24.889999,25.85,24.83,25.440001,8000,20.57110
2003-03-20,25.57,26.459999,25.549999,26.25,9100,21.22607
2003-03-21,26.57,26.75,26.059999,26.75,11400,21.63038
2003-03-24,26.540001,26.629999,25.790001,25.98,7800,21.00775
2003-03-25,26.15,26.50,25.790001,26.209999,6700,21.19373
2003-03-26,26.040001,26.60,25.60,25.60,10600,20.70048
2003-03-27,25.60,25.879999,25.50,25.610001,6600,20.70856
2003-03-28,25.799999,26.879999,25.51,25.870001,19700,20.91880
2003-03-31,26.35,26.549999,25.25,25.75,15400,20.82177
2003-04-01,26.75,26.75,25.42,26.34,13000,21.29885
2003-04-02,26.00,26.719999,25.60,26.27,16500,21.37207
2003-04-03,26.200001,26.40,25.00,26.40,10800,21.47783
2003-04-04,26.33,26.76,26.01,26.51,13800,21.56732
2003-04-07,26.60,26.629999,25.90,26.15,23300,21.27444
2003-04-08,26.139999,26.34,25.58,25.879999,13700,21.05478
2003-04-09,25.469999,26.459999,25.469999,26.299999,3000,21.3964
2003-04-10,26.879999,26.879999,25.889999,26.10,3300,21.2337
2003-04-11,26.129999,26.129999,25.66,25.709999,400,20.91648
2003-04-14,26.41,26.41,25.92,26.10,13200,21.2337
2003-04-15,25.93,27.549999,25.93,27.25,9300,22.16935
2003-04-16,27.200001,27.49,26.76,27.00,13900,21.96596
2003-04-17,27.379999,27.50,26.559999,26.99,9600,21.95783
2003-04-21,26.99,27.25,25.82,27.200001,6800,22.1286
2003-04-22,27.190001,27.27,25.15,26.610001,9800,21.64868
2003-04-23,25.950001,27.50,25.950001,27.50,7800,22.37274
2003-04-24,26.99,27.50,26.290001,27.16,3800,22.09613
2003-04-25,27.33,27.33,26.35,26.799999,2700,21.80325
2003-04-28,26.91,27.77,26.91,27.35,2300,22.25071
2003-04-29,27.290001,27.59,27.120001,27.57,3200,22.42969
2003-04-30,27.43,27.450001,26.99,27.00,3000,21.96596
2003-05-01,27.02,27.030001,26.450001,26.74,7900,21.75444
2003-05-02,26.10,27.33,26.02,26.75,5800,21.7625
2003-05-05,25.370001,27.790001,25.370001,26.77,7700,21.77885
2003-05-06,26.190001,26.99,25.50,26.639999,13900,21.67308
2003-05-07,27.24,27.24,26.219999,26.860001,10800,21.85207
2003-05-08,26.91,26.99,26.60,26.60,3800,21.64054
2003-05-09,26.65,27.200001,26.41,27.00,3500,21.96596
2003-05-12,27.030001,27.77,27.030001,27.51,13200,22.38088
2003-05-13,27.50,27.540001,26.74,27.52,12900,22.38901
2003-05-14,27.790001,27.790001,26.85,26.950001,800,21.92529
2003-05-15,27.639999,27.68,26.83,27.01,2700,21.97410
2003-05-16,27.790001,27.790001,24.49,24.60,21200,20.01343
2003-05-19,24.780001,25.23,24.200001,24.540001,8600,19.96462
2003-05-20,24.40,24.40,23.10,24.40,21100,19.85072
2003-05-21,23.870001,24.879999,23.799999,24.879999,6300,20.24123
2003-05-22,24.889999,25.07,24.40,24.639999,12200,20.0459
2003-05-23,24.969999,24.98,24.40,24.42,10300,19.86699
2003-05-27,24.969999,25.09,24.43,24.959999,3300,20.30631
2003-05-28,24.959999,24.98,24.549999,24.549999,2100,19.9727
2003-05-29,24.75,26.02,24.75,25.60,10800,20.82699
2003-05-30,25.629999,25.75,24.76,25.10,35200,20.42021
2003-06-02,25.469999,25.74,24.870001,25.60,12500,20.82699
2003-06-03,25.52,26.00,25.52,26.00,1800,21.15241
2003-06-04,26.49,26.49,25.51,25.98,9300,21.13614
2003-06-05,25.83,27.389999,25.120001,26.299999,20500,21.3964
2003-06-06,26.65,26.68,26.01,26.32,2900,21.41275
2003-06-09,26.200001,26.620001,26.00,26.00,8800,21.15241
2003-06-10,26.040001,26.98,25.98,26.950001,8500,21.92529
2003-06-11,26.879999,27.49,26.780001,27.48,9400,22.35647
2003-06-12,27.25,27.50,26.76,27.40,10700,22.2913
2003-06-13,27.40,27.73,27.23,27.559999,14300,22.42155
2003-06-16,26.639999,27.59,26.559999,27.209999,6800,22.13681
2003-06-17,27.01,28.00,27.00,27.690001,16500,22.52732
2003-06-18,26.59,28.50,26.59,28.48,8100,23.17002
2003-06-19,27.790001,28.450001,27.73,28.34,5900,23.05613
2003-06-20,27.76,28.50,27.65,28.299999,9500,23.02358
2003-06-23,28.18,28.24,27.34,27.40,7900,22.2913
2003-06-24,27.40,28.440001,27.02,28.440001,21300,23.13748
2003-06-25,27.18,28.50,26.42,28.43,10000,23.12935
2003-06-26,27.15,27.49,26.450001,26.450001,12600,21.51851
2003-06-27,27.040001,27.690001,26.51,26.73,9400,21.74630
2003-06-30,27.120001,27.549999,26.02,27.41,17600,22.29952
2003-07-01,27.50,28.49,26.26,28.49,12900,23.31425
2003-07-02,27.049999,29.870001,27.049999,29.870001,14600,24.44355
2003-07-03,27.16,29.50,27.16,28.42,5200,23.25697
2003-07-07,28.889999,29.48,26.719999,28.65,12600,23.4451
2003-07-08,29.00,29.49,29.00,29.49,8700,24.13258
2003-07-09,29.26,29.450001,28.75,29.280001,13100,23.96073
2003-07-10,29.389999,29.389999,28.07,28.27,3900,23.13422
2003-07-11,28.02,29.200001,28.02,29.049999,3500,23.77252
2003-07-14,29.219999,29.469999,28.73,29.10,5100,23.81343
2003-07-15,28.98,29.18,28.299999,28.60,5100,23.40427
2003-07-16,28.60,28.940001,28.030001,28.92,12900,23.6661
2003-07-17,28.18,28.50,28.18,28.290001,13500,23.15059
2003-07-18,28.24,28.280001,27.91,28.280001,8300,23.14240
2003-07-21,28.01,28.190001,27.049999,27.549999,3500,22.54502
2003-07-22,27.549999,27.76,27.07,27.15,3900,22.21769
2003-07-23,27.35,27.35,27.02,27.02,2100,22.11131
2003-07-24,27.42,27.73,26.809999,26.809999,7900,21.9394
2003-07-25,27.02,27.02,26.51,26.68,7100,21.83307
2003-07-28,26.76,26.76,26.299999,26.309999,8800,21.53029
2003-07-29,26.48,26.719999,26.309999,26.469999,2000,21.66122
2003-07-30,26.74,27.76,26.18,26.18,13100,21.42391
2003-07-31,26.27,27.65,26.27,27.24,11300,22.29134
2003-08-01,27.08,27.309999,26.99,27.00,7700,22.09494
2003-08-04,27.040001,27.889999,26.08,26.120001,8700,21.37481
2003-08-05,26.60,27.85,26.25,27.049999,9100,22.13585
2003-08-06,26.860001,26.860001,26.10,26.10,5600,21.35844
2003-08-07,26.049999,26.24,25.879999,26.24,5800,21.47301
2003-08-08,26.09,26.09,25.76,25.76,2600,21.08021
2003-08-11,25.77,26.360001,25.76,25.780001,5900,21.0965
2003-08-12,26.23,26.85,26.23,26.85,13900,21.97219
2003-08-13,26.809999,27.02,26.709999,26.799999,7000,21.93127
2003-08-14,26.309999,27.08,26.26,27.08,4900,22.1604
2003-08-15,27.00,27.50,27.00,27.00,5100,22.09494
2003-08-18,27.90,28.65,27.059999,28.10,3100,22.99510
2003-08-19,28.10,28.790001,27.85,28.33,5300,23.18332
2003-08-20,28.639999,28.639999,27.00,28.02,8300,22.92964
2003-08-21,28.629999,28.629999,28.17,28.17,15100,23.05239
2003-08-22,28.35,28.40,27.01,27.10,7700,22.17677
2003-08-25,27.35,27.35,27.10,27.16,17400,22.22587
2003-08-26,27.10,27.59,27.02,27.59,8800,22.57775
2003-08-27,27.34,28.65,27.34,28.459999,4300,23.28970
2003-08-28,28.82,28.82,27.639999,28.299999,9900,23.15877
2003-08-29,28.49,28.540001,27.879999,28.35,3000,23.19969
2003-09-02,28.290001,28.83,28.00,28.639999,11000,23.43700
2003-09-03,28.889999,28.99,28.309999,28.57,21200,23.37972
2003-09-04,29.059999,29.059999,28.549999,28.809999,5400,23.57612
2003-09-05,28.50,28.700001,28.129999,28.190001,4300,23.06875
2003-09-08,27.76,28.629999,27.76,28.629999,11800,23.42882
2003-09-09,28.60,28.60,27.799999,27.799999,1000,22.74960
2003-09-10,28.25,28.59,27.860001,27.90,7500,22.83144
2003-09-11,28.299999,29.049999,27.24,27.65,4400,22.62685
2003-09-12,27.02,28.379999,27.02,28.379999,5100,23.2242
2003-09-15,28.40,28.75,27.76,28.58,3200,23.38790
2003-09-16,28.059999,28.99,28.00,28.040001,3200,22.94600
2003-09-17,28.33,28.91,28.290001,28.73,3800,23.51065
2003-09-18,28.07,28.74,28.040001,28.49,2100,23.31425
2003-09-19,28.290001,28.530001,27.00,27.00,19700,22.09494
2003-09-22,27.41,27.41,27.00,27.10,12300,22.17677
2003-09-23,27.00,27.49,27.00,27.48,11500,22.48774
2003-09-24,27.26,27.469999,26.99,27.00,3800,22.09494
2003-09-25,27.23,27.50,27.00,27.00,5500,22.09494
2003-09-26,27.01,27.040001,27.00,27.00,8800,22.09494
2003-09-29,27.15,27.32,27.02,27.02,3400,22.11131
2003-09-30,27.02,27.49,26.85,27.00,7300,22.09494
2003-10-01,27.24,27.469999,27.02,27.469999,6200,22.61356
2003-10-02,27.309999,27.52,27.16,27.52,1600,22.65472
2003-10-03,27.52,27.889999,27.52,27.889999,8000,22.95931
2003-10-06,27.83,28.65,27.83,28.65,3600,23.58495
2003-10-07,28.98,29.15,27.77,29.120001,10300,23.97186
2003-10-08,29.75,29.92,27.50,29.08,7800,23.93893
2003-10-09,29.35,29.950001,28.66,29.450001,4400,24.24352
2003-10-10,29.09,29.35,29.07,29.08,1300,23.93893
2003-10-13,28.879999,29.98,28.879999,29.950001,4400,24.65512
2003-10-14,29.82,30.00,29.48,29.959999,3900,24.66335
2003-10-15,30.09,30.25,29.280001,29.74,3000,24.48225
2003-10-16,29.620001,29.75,29.110001,29.17,8100,24.01302
2003-10-17,29.610001,29.709999,29.00,29.00,4000,23.87307
2003-10-20,29.049999,29.049999,28.42,28.57,2000,23.51909
2003-10-21,28.41,28.48,28.01,28.450001,5300,23.42031
2003-10-22,28.07,28.42,27.75,27.75,9500,22.84406
2003-10-23,27.85,28.280001,27.809999,28.049999,3000,23.09102
2003-10-24,28.120001,28.120001,27.76,27.93,6000,22.99224
2003-10-27,27.76,28.459999,27.76,28.059999,5200,23.09925
2003-10-28,28.02,29.75,28.02,29.75,8500,24.49048
2003-10-29,29.629999,30.299999,28.42,30.25,11500,24.90208
2003-10-30,29.57,30.75,29.57,30.700001,15200,25.27253
2003-10-31,30.299999,30.879999,30.00,30.00,6000,24.69628
2003-11-03,30.68,31.969999,30.110001,31.209999,18100,25.69236
2003-11-04,31.74,31.950001,30.209999,31.450001,23900,25.8899
2003-11-05,31.459999,31.74,30.879999,31.700001,4700,26.09574
2003-11-06,31.99,31.99,29.799999,31.66,4900,26.06281
2003-11-07,31.799999,31.940001,30.799999,31.120001,7700,25.61828
2003-11-10,31.15,31.709999,30.76,30.76,10200,25.32192
2003-11-11,30.280001,31.040001,30.26,31.00,5600,25.51949
2003-11-12,31.24,31.549999,30.92,31.49,8900,25.92286
2003-11-13,31.33,31.950001,31.33,31.67,8700,26.07104
2003-11-14,31.959999,31.969999,31.24,31.74,7000,26.1286
2003-11-17,31.049999,32.32,30.51,31.219999,2800,25.70060
2003-11-18,31.10,31.49,30.450001,30.450001,2700,25.06673
2003-11-19,30.51,31.85,30.030001,31.85,5300,26.21922
2003-11-20,31.700001,31.870001,30.530001,31.50,12800,25.931
2003-11-21,31.030001,31.549999,31.030001,31.360001,9800,25.81585
2003-11-24,32.32,32.48,31.299999,32.099998,14200,26.42502
2003-11-25,31.74,33.25,31.74,32.599998,14400,26.83662
2003-11-26,33.00,33.50,32.73,33.490002,10300,27.56928
2003-11-28,33.57,34.009998,33.57,34.009998,5800,27.99735
2003-12-01,34.490002,34.650002,33.970001,34.650002,11700,28.52421
2003-12-02,34.630001,34.650002,34.23,34.439999,3500,28.35133
2003-12-03,33.59,34.00,32.900002,32.900002,7600,27.08359
2003-12-04,33.040001,33.279999,32.900002,32.900002,4200,27.08359
2003-12-05,32.900002,33.599998,32.900002,33.299999,6700,27.41287
2003-12-08,32.900002,33.849998,32.900002,33.150002,6700,27.28939
2003-12-09,33.009998,33.689999,32.900002,33.029999,6600,27.1906
2003-12-10,32.959999,33.369999,32.52,33.240002,2900,27.36348
2003-12-11,33.490002,33.970001,32.02,33.490002,10900,27.56928
2003-12-12,32.759998,33.419998,32.759998,33.02,4900,27.18237
2003-12-15,33.470001,34.00,32.849998,32.849998,6800,27.04243
2003-12-16,32.580002,33.25,31.77,32.50,3100,26.7543
2003-12-17,31.26,33.00,31.09,33.00,2600,27.16591
2003-12-18,32.709999,33.099998,32.23,32.57,5200,26.81193
2003-12-19,33.439999,33.630001,32.220001,32.740002,7000,26.95188
2003-12-22,32.799999,32.799999,31.700001,32.00,7000,26.34270
2003-12-23,31.52,33.43,31.52,33.43,17000,27.51989
2003-12-24,33.700001,33.830002,33.349998,33.349998,4900,27.45403
2003-12-26,33.470001,33.52,32.509998,33.27,5700,27.38818
2003-12-29,33.490002,34.00,32.509998,34.00,6000,27.98912
2003-12-30,34.049999,34.75,34.00,34.740002,13400,28.598
2003-12-31,34.080002,34.389999,33.07,33.07,7400,27.36532
2004-01-02,32.240002,33.639999,31.950001,33.349998,24400,27.59702
2004-01-05,33.439999,33.439999,32.880001,33.389999,5000,27.63012
2004-01-06,33.110001,33.48,32.630001,32.669998,11100,27.03432
2004-01-07,33.400002,33.400002,32.060001,32.919998,6000,27.24120
2004-01-08,32.880001,32.880001,31.50,32.830002,9100,27.1667
2004-01-09,32.110001,32.220001,31.50,31.50,1600,26.06615
2004-01-12,31.889999,32.00,31.049999,31.540001,7100,26.09925
2004-01-13,31.030001,32.380001,31.030001,32.380001,7100,26.79435
2004-01-14,32.490002,32.98,32.02,32.98,6800,27.29085
2004-01-15,30.76,32.389999,30.60,32.389999,11200,26.80262
2004-01-16,32.450001,32.48,31.51,31.51,15900,26.07443
2004-01-20,31.99,31.99,31.43,31.43,7200,26.00823
2004-01-21,31.27,31.52,30.879999,30.879999,2300,25.55310
2004-01-22,31.49,31.49,31.219999,31.35,3400,25.94203
2004-01-23,31.280001,31.50,31.18,31.50,10600,26.06615
2004-01-26,31.50,31.66,31.040001,31.66,4500,26.19855
2004-01-27,31.969999,31.98,31.02,31.530001,3400,26.09098
2004-01-28,31.02,31.02,30.030001,30.030001,3000,24.84973
2004-01-29,30.049999,30.299999,30.00,30.00,4500,24.82491
2004-01-30,30.34,30.389999,30.00,30.00,2100,24.82491
2004-02-02,30.01,30.379999,29.74,29.85,4100,24.70078
2004-02-03,30.389999,30.389999,29.51,29.700001,4000,24.57666
2004-02-04,29.59,30.129999,28.50,28.83,11600,23.8567
2004-02-05,29.299999,29.43,28.860001,29.00,2600,23.99741
2004-02-06,29.50,30.00,29.030001,30.00,2700,24.82491
2004-02-09,29.51,29.99,29.51,29.85,4900,24.70078
2004-02-10,29.33,30.65,29.33,30.65,10400,25.36278
2004-02-11,30.73,30.73,30.33,30.73,1400,25.42898
2004-02-12,30.75,31.139999,30.559999,30.559999,1500,25.2883
2004-02-13,31.23,31.49,30.299999,30.299999,10800,25.0731
2004-02-17,31.24,31.49,30.65,31.459999,4600,26.03305
2004-02-18,31.200001,31.50,31.10,31.10,4900,25.73515
2004-02-19,31.700001,31.959999,30.950001,30.950001,7700,25.61103
2004-02-20,32.00,32.18,30.719999,31.67,4800,26.20683
2004-02-23,31.09,31.98,31.09,31.66,13900,26.19855
2004-02-24,31.620001,32.330002,31.620001,32.299999,3700,26.72815
2004-02-25,31.969999,32.77,31.809999,32.77,9300,27.11707
2004-02-26,32.849998,34.200001,32.799999,34.150002,8600,28.25902
2004-02-27,33.34,34.459999,33.009998,34.09,9600,28.20937
2004-03-01,34.389999,34.490002,33.060001,34.490002,8500,28.54037
2004-03-02,33.700001,33.700001,31.50,31.98,16100,26.46335
2004-03-03,31.07,31.719999,31.00,31.190001,9200,25.80963
2004-03-04,31.700001,32.419998,31.00,32.419998,7200,26.82745
2004-03-05,32.349998,33.119999,32.310001,32.360001,6200,26.77780
2004-03-08,32.990002,33.349998,32.650002,32.650002,3400,27.0177
2004-03-09,33.34,33.34,32.490002,32.490002,1400,26.88538
2004-03-10,31.99,32.200001,30.610001,30.610001,5600,25.32968
2004-03-11,31.219999,31.219999,30.16,30.25,7200,25.03178
2004-03-12,31.23,31.74,30.459999,31.74,6900,26.26475
2004-03-15,31.40,31.67,30.549999,31.17,8900,25.79308
2004-03-16,30.530001,30.530001,29.120001,29.120001,8700,24.09671
2004-03-17,29.74,30.790001,29.58,30.790001,4300,25.47863
2004-03-18,30.67,30.67,30.02,30.030001,5100,24.84973
2004-03-19,29.85,29.85,29.110001,29.440001,9600,24.36151
2004-03-22,29.15,29.57,28.780001,29.379999,8500,24.31186
2004-03-23,29.59,29.59,28.610001,28.610001,8700,23.67469
2004-03-24,28.719999,29.17,28.559999,28.66,4300,23.71606
2004-03-25,28.65,29.98,28.50,29.74,9400,24.60976
2004-03-26,29.870001,30.09,29.030001,29.940001,5700,24.77526
2004-03-29,29.82,30.950001,29.540001,30.75,7900,25.44553
2004-03-30,30.92,31.50,30.860001,31.50,13500,26.06615
2004-03-31,31.629999,32.610001,31.25,32.50,23400,26.89365
2004-04-01,32.290001,33.48,32.290001,33.259998,14700,27.67583
2004-04-02,33.470001,34.259998,33.209999,33.650002,11600,28.00035
2004-04-05,33.610001,34.50,33.610001,34.48,22400,28.69100
2004-04-06,33.880001,34.490002,33.880001,34.07,7200,28.34983
2004-04-07,34.369999,34.599998,33.970001,34.599998,4900,28.79085
2004-04-08,34.630001,34.93,34.599998,34.689999,6900,28.86574
2004-04-12,34.259998,34.689999,33.869999,34.650002,8300,28.83246
2004-04-13,34.490002,34.490002,33.50,33.740002,5700,28.07524
2004-04-14,33.630001,33.93,33.139999,33.380001,8100,27.77568
2004-04-15,33.34,33.34,32.529999,33.049999,7000,27.50109
2004-04-16,33.189999,33.549999,32.75,33.50,5700,27.87553
2004-04-19,33.490002,33.689999,33.439999,33.529999,4300,27.90050
2004-04-20,33.740002,33.970001,33.00,33.259998,2700,27.67583
2004-04-21,32.950001,33.790001,32.75,33.66,8600,28.00867
2004-04-22,33.450001,34.84,33.400002,34.799999,20700,28.95727
2004-04-23,34.029999,35.18,34.029999,35.18,2600,29.27347
2004-04-26,35.07,35.849998,35.07,35.849998,12600,29.83098
2004-04-27,35.900002,36.25,35.900002,36.049999,12400,29.99740
2004-04-28,35.810001,36.240002,34.990002,35.240002,13000,29.32340
2004-04-29,35.48,36.130001,34.700001,34.700001,12600,28.87406
2004-04-30,34.52,35.110001,34.34,34.849998,8300,28.9988
2004-05-03,35.099998,35.150002,34.619999,34.849998,11400,28.9988
2004-05-04,34.889999,35.00,34.509998,34.849998,6900,28.9988
2004-05-05,34.93,34.93,34.48,34.48,2400,28.69100
2004-05-06,34.259998,34.389999,33.32,33.759998,8400,28.09188
2004-05-07,33.59,34.080002,32.669998,32.669998,13000,27.1848
2004-05-10,32.189999,33.860001,32.189999,33.150002,15300,27.58430
2004-05-11,33.080002,33.900002,32.66,33.900002,10000,28.20838
2004-05-12,33.41,34.00,33.099998,34.00,7000,28.29159
2004-05-13,34.169998,34.169998,33.259998,33.259998,3100,27.67583
2004-05-14,33.169998,33.400002,33.049999,33.150002,4500,27.58430
2004-05-17,33.25,34.73,33.00,33.779999,15200,28.10852
2004-05-18,33.50,34.50,33.50,34.259998,10900,28.50793
2004-05-19,34.68,35.150002,34.310001,34.599998,9800,28.79085
2004-05-20,34.610001,35.00,34.610001,34.959999,14700,29.09041
2004-05-21,34.970001,35.240002,34.50,34.75,8600,28.91567
2004-05-24,34.790001,35.00,34.73,35.00,4100,29.12369
2004-05-25,34.689999,35.990002,34.619999,35.990002,18200,29.94748
2004-05-26,35.52,35.830002,35.259998,35.830002,9100,29.81434
2004-05-27,35.98,36.07,35.57,36.07,7100,30.0140
2004-05-28,36.00,36.200001,35.119999,35.150002,6900,29.24851
2004-06-01,35.099998,35.580002,34.810001,35.25,10400,29.33172
2004-06-02,35.619999,35.619999,34.299999,34.50,12800,28.70764
2004-06-03,34.279999,34.459999,33.380001,34.00,15400,28.29159
2004-06-04,33.599998,34.889999,33.599998,34.27,9100,28.51626
2004-06-07,34.509998,35.73,34.169998,35.32,6600,29.38997
2004-06-08,35.490002,36.93,35.310001,36.799999,10200,30.62148
2004-06-09,36.810001,36.900002,36.00,36.00,10600,29.95580
2004-06-10,36.41,36.700001,36.150002,36.700001,22800,30.53827
2004-06-14,36.68,36.900002,35.830002,36.310001,37400,30.21375
2004-06-15,35.849998,37.00,35.849998,36.59,20800,30.44674
2004-06-16,36.59,36.82,36.549999,36.75,12800,30.57988
2004-06-17,37.07,37.240002,36.610001,36.939999,21300,30.73798
2004-06-18,36.98,37.259998,35.849998,36.560001,32800,30.42178
2004-06-21,36.639999,36.73,36.529999,36.599998,7100,30.45506
2004-06-22,36.50,36.73,35.66,36.599998,26700,30.45506
2004-06-23,36.75,36.880001,35.849998,36.540001,15200,30.40514
2004-06-24,36.610001,36.790001,35.880001,35.880001,14700,29.85595
2004-06-25,36.369999,37.02,36.369999,37.00,29100,30.78790
2004-06-28,36.790001,37.099998,36.790001,37.099998,17000,30.87111
2004-06-29,36.349998,37.900002,36.349998,37.880001,21600,31.52016
2004-06-30,37.950001,38.299999,37.59,38.150002,24300,31.74483
2004-07-01,37.98,38.240002,37.98,38.00,26600,31.76991
2004-07-02,38.200001,38.200001,38.040001,38.099998,6500,31.85351
2004-07-06,38.009998,38.200001,36.990002,37.00,7000,30.93386
2004-07-07,36.860001,38.209999,36.860001,37.880001,48700,31.66958
2004-07-08,37.959999,38.049999,37.16,37.16,4900,31.0676
2004-07-09,37.810001,37.810001,36.98,36.98,6100,30.91714
2004-07-12,36.810001,37.889999,36.810001,37.869999,11600,31.66122
2004-07-13,37.200001,38.009998,37.200001,37.82,8400,31.61942
2004-07-14,37.849998,38.080002,37.290001,37.830002,27000,31.62778
2004-07-15,37.799999,37.889999,37.029999,37.029999,11400,30.95894
2004-07-16,37.02,37.700001,37.02,37.029999,8000,30.95894
2004-07-19,37.400002,37.669998,36.950001,37.200001,10900,31.10107
2004-07-20,37.41,37.970001,37.029999,37.93,12400,31.71138
2004-07-21,38.080002,38.66,37.02,37.02,59200,30.95058
2004-07-22,37.32,38.209999,36.619999,36.619999,23200,30.61616
2004-07-23,37.07,37.450001,36.509998,37.029999,16100,30.95894
2004-07-26,36.509998,37.099998,36.509998,37.099998,18500,31.01746
2004-07-27,36.779999,37.150002,36.779999,36.98,10000,30.91714
2004-07-28,36.779999,37.040001,36.540001,37.00,13500,30.93386
2004-07-29,36.799999,37.32,36.709999,36.91,6200,30.85861
2004-07-30,37.049999,37.119999,36.830002,37.119999,6000,31.03418
2004-08-02,36.790001,36.849998,35.599998,36.189999,20300,30.2566
2004-08-03,36.049999,36.189999,35.75,36.060001,12300,30.14797
2004-08-04,35.889999,36.98,35.529999,36.919998,6200,30.86697
2004-08-05,35.790001,37.150002,35.790001,36.419998,19900,30.44895
2004-08-06,36.419998,36.91,35.509998,36.00,11200,30.09781
2004-08-09,35.610001,36.110001,35.52,35.849998,9500,29.97240
2004-08-10,35.889999,37.099998,35.84,37.099998,8000,31.01746
2004-08-11,36.459999,38.43,36.459999,38.349998,20200,32.06252
2004-08-12,38.029999,38.029999,36.880001,36.880001,2800,30.83353
2004-08-13,36.759998,37.48,36.580002,37.48,8100,31.33516
2004-08-16,37.43,38.009998,36.900002,38.009998,13200,31.77827
2004-08-17,38.060001,38.119999,37.599998,37.919998,12500,31.70302
2004-08-18,38.099998,38.099998,37.73,37.799999,7800,31.60270
2004-08-19,37.790001,38.09,37.790001,37.91,9400,31.69466
2004-08-20,38.099998,38.299999,37.880001,38.299999,3000,32.02072
2004-08-23,37.889999,38.619999,37.869999,37.889999,10600,31.67794
2004-08-24,38.529999,38.529999,36.900002,37.529999,11500,31.37696
2004-08-25,37.689999,38.900002,36.990002,37.50,15900,31.35188
2004-08-26,38.400002,38.400002,37.330002,37.860001,19000,31.65286
2004-08-27,37.68,38.48,37.189999,38.48,3000,32.17121
2004-08-30,37.720001,38.50,37.57,37.57,9200,31.41041
2004-08-31,37.48,37.98,37.029999,37.110001,9900,31.02582
2004-09-01,37.98,38.91,36.580002,37.380001,18800,31.25156
2004-09-02,36.57,39.950001,36.299999,39.950001,20700,33.40021
2004-09-03,38.02,39.950001,38.02,39.57,12500,33.08251
2004-09-07,39.98,40.25,39.009998,40.25,11200,33.65102
2004-09-08,40.259998,40.259998,39.220001,39.720001,18000,33.2079
2004-09-09,40.099998,40.099998,39.419998,39.889999,11200,33.35004
2004-09-10,40.029999,40.290001,39.639999,40.290001,17200,33.68446
2004-09-13,40.290001,40.389999,40.110001,40.200001,21500,33.60922
2004-09-14,40.200001,40.200001,39.549999,39.57,11900,33.08251
2004-09-15,39.43,39.919998,39.169998,39.419998,6600,32.95710
2004-09-16,39.66,39.75,39.389999,39.75,11700,33.23300
2004-09-17,39.889999,39.950001,39.200001,39.650002,16600,33.14939
2004-09-20,39.869999,40.48,39.869999,40.09,15400,33.51725
2004-09-21,40.48,41.700001,39.799999,41.630001,37400,34.80477
2004-09-22,41.50,41.50,40.509998,40.509998,12400,33.86839
2004-09-23,40.689999,41.240002,40.52,41.240002,3500,34.47871
2004-09-24,40.529999,41.400002,40.529999,41.080002,1300,34.34494
2004-09-27,40.52,41.189999,40.349998,40.52,8800,33.8767
2004-09-28,41.200001,41.23,40.799999,41.00,2800,34.27806
2004-09-29,41.150002,41.349998,40.880001,41.299999,8600,34.52887
2004-09-30,41.740002,41.740002,40.970001,40.970001,7300,34.25298
2004-10-01,40.509998,42.220001,40.509998,42.00,10800,35.26906
2004-10-04,42.25,44.00,42.00,43.759998,16400,36.74700
2004-10-05,43.799999,43.939999,42.889999,43.369999,15700,36.41950
2004-10-06,42.77,44.00,42.77,44.00,7600,36.94854
2004-10-07,43.790001,43.790001,42.700001,42.700001,6800,35.85688
2004-10-08,42.880001,42.880001,42.009998,42.110001,6600,35.36143
2004-10-11,41.860001,43.099998,41.580002,43.099998,15900,36.19277
2004-10-12,42.16,42.16,42.049999,42.060001,11100,35.31945
2004-10-13,42.009998,42.150002,41.580002,41.669998,9800,34.99195
2004-10-14,41.619999,42.150002,41.619999,41.75,14900,35.05913
2004-10-15,41.509998,42.150002,41.509998,42.00,6100,35.26906
2004-10-18,41.509998,42.650002,41.509998,41.619999,5500,34.94996
2004-10-19,41.759998,42.549999,41.459999,41.459999,3900,34.81560
2004-10-20,41.880001,42.009998,41.52,41.75,4400,35.05913
2004-10-21,41.880001,42.48,41.860001,42.009998,3300,35.27746
2004-10-22,42.490002,43.150002,42.490002,42.93,5600,36.05002
2004-10-25,42.459999,43.490002,42.43,42.43,10700,35.63015
2004-10-26,41.990002,43.00,41.75,42.07,6300,35.32784
2004-10-27,41.84,43.650002,41.509998,43.650002,6400,36.65463
2004-10-28,42.869999,43.889999,42.869999,43.889999,4500,36.85617
2004-10-29,43.240002,43.669998,43.209999,43.299999,6000,36.36072
2004-11-01,42.82,44.200001,42.810001,44.200001,13000,37.11649
2004-11-02,43.57,46.040001,43.57,45.02,31600,37.80508
2004-11-03,45.150002,46.939999,45.150002,46.939999,15700,39.41737
2004-11-04,46.490002,49.509998,46.400002,49.349998,45900,41.44115
2004-11-05,48.599998,49.279999,48.57,48.919998,21000,41.08006
2004-11-08,48.759998,49.09,48.759998,48.84,11400,41.01288
2004-11-09,49.09,49.09,48.869999,49.00,5500,41.14724
2004-11-10,48.360001,49.00,48.18,48.950001,8800,41.10525
2004-11-11,47.939999,49.00,47.939999,48.990002,13300,41.13884
2004-11-12,48.599998,49.00,48.599998,48.900002,16800,41.06327
2004-11-15,48.200001,48.900002,48.200001,48.790001,13500,40.970
2004-11-16,47.209999,48.77,47.209999,48.509998,12700,40.7357
2004-11-17,47.950001,49.00,47.950001,48.57,25100,40.78615
2004-11-18,48.740002,48.939999,48.299999,48.939999,9800,41.09685
2004-11-19,47.98,48.849998,47.98,48.740002,25500,40.92891
2004-11-22,48.009998,48.75,48.009998,48.75,15500,40.93730
2004-11-23,48.759998,49.00,48.540001,48.830002,34000,41.0044
2004-11-24,48.830002,49.00,48.59,48.59,16300,40.80295
2004-11-26,48.029999,48.610001,48.029999,48.540001,900,40.76096
2004-11-29,49.400002,49.400002,48.689999,48.93,17300,41.08846
2004-11-30,48.27,49.09,48.25,48.580002,11300,40.79455
2004-12-01,48.799999,49.00,48.610001,48.959999,25900,41.11365
2004-12-02,48.849998,49.00,48.610001,49.00,5400,41.14724
2004-12-03,48.66,48.759998,48.189999,48.189999,4400,40.46705
2004-12-06,48.189999,49.00,48.080002,48.75,9200,40.93730
2004-12-07,48.98,49.34,48.580002,49.330002,19000,41.4243
2004-12-08,49.490002,49.52,49.259998,49.259998,10000,41.36557
2004-12-09,49.240002,49.50,49.240002,49.50,4200,41.56711
2004-12-10,49.919998,49.919998,48.830002,49.91,11000,41.91140
2004-12-13,49.759998,50.139999,49.52,49.599998,14500,41.65108
2004-12-14,50.080002,51.18,49.810001,50.91,10300,42.75114
2004-12-15,50.360001,51.209999,50.07,50.580002,20000,42.47403
2004-12-16,50.610001,51.34,49.389999,50.029999,20600,42.01217
2004-12-17,49.279999,50.59,49.279999,50.290001,107600,42.23050
2004-12-20,50.200001,51.310001,50.200001,50.700001,15000,42.57480
2004-12-21,51.50,51.50,50.299999,51.25,21300,43.03665
2004-12-22,51.349998,51.630001,48.709999,51.060001,63000,42.87710
2004-12-23,51.580002,51.580002,50.93,51.00,15100,42.82672
2004-12-27,51.00,51.00,50.200001,50.299999,17400,42.23890
2004-12-28,49.759998,50.290001,49.759998,50.060001,14400,42.0373
2004-12-29,50.880001,50.880001,48.419998,50.009998,11600,41.9953
2004-12-30,49.380001,50.709999,49.380001,50.310001,34000,42.24730
2004-12-31,50.009998,50.599998,50.009998,50.189999,7600,42.29786
2005-01-03,49.830002,49.830002,48.400002,48.810001,31700,41.13486
2005-01-04,49.400002,49.400002,48.669998,49.189999,17800,41.45511
2005-01-05,48.00,49.130001,48.00,48.25,20300,40.66292
2005-01-06,48.110001,49.200001,48.110001,48.799999,8500,41.12643
2005-01-07,48.73,48.810001,48.16,48.470001,31600,40.84833
2005-01-10,48.349998,48.349998,47.48,47.68,35600,40.18255
2005-01-11,47.470001,47.990002,47.16,47.849998,19600,40.32582
2005-01-12,48.080002,48.18,47.07,48.099998,16100,40.53650
2005-01-13,48.380001,48.380001,46.990002,47.799999,23400,40.28368
2005-01-14,47.259998,49.099998,47.259998,48.970001,38400,41.26970
2005-01-18,48.549999,49.380001,48.18,49.16,12600,41.42983
2005-01-19,49.200001,50.00,49.200001,49.73,24900,41.91020
2005-01-20,48.849998,49.50,48.849998,49.50,8800,41.71636
2005-01-21,49.040001,49.16,48.540001,48.700001,26300,41.04216
2005-01-24,49.25,49.25,48.040001,48.52,4800,40.89046
2005-01-25,48.540001,48.98,47.73,47.73,7200,40.22469
2005-01-26,48.00,49.759998,47.77,49.759998,5000,41.93548
2005-01-27,49.799999,50.009998,49.200001,50.009998,5000,42.14617
2005-01-28,49.630001,49.860001,48.959999,49.490002,6000,41.70794
2005-01-31,49.43,49.900002,49.009998,49.900002,2600,42.05347
2005-02-01,50.150002,52.330002,49.529999,52.330002,24300,44.10136
2005-02-02,52.490002,52.799999,51.75,52.02,10100,43.8401
2005-02-03,52.990002,53.299999,51.34,53.299999,12100,44.91883
2005-02-04,53.360001,53.98,52.880001,53.98,6900,45.49190
2005-02-07,54.00,54.25,52.75,53.09,15700,44.74185
2005-02-08,52.529999,52.68,51.560001,52.68,6800,44.39632
2005-02-09,52.73,53.259998,50.009998,50.200001,9700,42.30629
2005-02-10,50.00,50.360001,49.439999,49.75,5700,41.92705
2005-02-11,50.560001,51.41,49.43,51.110001,5600,43.07320
2005-02-14,50.32,50.32,49.560001,50.16,15800,42.27258
2005-02-15,49.540001,50.900002,49.540001,50.669998,22600,42.70238
2005-02-16,50.720001,50.98,49.619999,50.150002,7600,42.2641
2005-02-17,50.740002,50.790001,47.57,48.080002,10400,40.51965
2005-02-18,47.970001,48.43,47.540001,47.57,8400,40.0898
2005-02-22,47.59,48.400002,45.990002,46.369999,26600,39.07854
2005-02-23,46.07,47.50,45.82,46.68,45500,39.33979
2005-02-24,47.150002,47.369999,45.82,46.599998,11500,39.27237
2005-02-25,47.43,47.740002,46.50,47.369999,9300,39.92129
2005-02-28,47.93,47.93,46.349998,46.540001,4400,39.22181
2005-03-01,46.439999,46.639999,45.939999,46.189999,24900,38.92684
2005-03-02,46.900002,46.900002,45.619999,46.360001,11200,39.07011
2005-03-03,46.709999,46.950001,45.66,45.93,12300,38.70773
2005-03-04,46.07,46.919998,46.07,46.630001,3700,39.29766
2005-03-07,46.049999,47.259998,45.990002,47.259998,6700,39.82859
2005-03-08,47.009998,47.029999,46.049999,46.049999,10700,38.80886
2005-03-09,45.290001,46.09,45.290001,46.09,6100,38.84257
2005-03-10,45.720001,46.060001,45.619999,46.060001,16200,38.81729
2005-03-11,45.689999,46.119999,45.459999,45.66,13300,38.48018
2005-03-14,45.48,46.799999,44.810001,45.099998,22100,38.00824
2005-03-15,44.830002,45.50,44.27,44.82,12400,37.77227
2005-03-16,45.189999,45.189999,44.16,44.549999,4800,37.5447
2005-03-17,45.00,45.200001,44.389999,45.200001,7100,38.09252
2005-03-18,45.209999,45.209999,43.799999,43.970001,124300,37.05593
2005-03-21,44.650002,44.720001,44.400002,44.700001,12800,37.67114
2005-03-22,44.27,44.740002,44.27,44.720001,11700,37.68
2005-03-23,44.50,44.91,44.380001,44.380001,7100,37.40146
2005-03-24,44.669998,46.610001,43.93,45.330002,51600,38.20208
2005-03-28,45.490002,47.59,45.419998,46.240002,51100,38.96898
2005-03-29,46.139999,47.419998,45.32,45.549999,35700,38.38748
2005-03-30,45.919998,46.84,45.52,45.549999,63500,38.38748
2005-03-31,45.490002,47.68,45.490002,46.799999,64100,39.44092
2005-04-01,46.18,47.299999,44.57,44.599998,21800,37.74818
2005-04-04,44.669998,45.360001,44.529999,45.00,12000,38.08673
2005-04-05,44.830002,47.150002,44.709999,45.950001,45300,38.89078
2005-04-06,46.009998,47.66,46.009998,46.52,36000,39.37322
2005-04-07,46.990002,47.34,46.599998,46.900002,9900,39.69484
2005-04-08,46.98,47.470001,46.189999,46.450001,25700,39.31397
2005-04-11,46.439999,46.810001,45.389999,45.639999,21500,38.62841
2005-04-12,45.73,45.73,43.68,44.110001,44000,37.33346
2005-04-13,44.580002,44.580002,43.490002,43.59,14100,36.89335
2005-04-14,43.849998,44.880001,43.700001,43.900002,14800,37.15572
2005-04-15,43.810001,44.34,42.669998,42.669998,22300,36.11468
2005-04-18,42.50,43.549999,42.299999,43.18,20500,36.54633
2005-04-19,43.25,44.779999,42.599998,44.009998,32300,37.24882
2005-04-20,44.029999,44.529999,43.43,43.77,17700,37.04569
2005-04-21,44.189999,46.110001,44.080002,45.400002,25600,38.42528
2005-04-22,45.09,45.389999,43.389999,43.869999,32000,37.13033
2005-04-25,43.330002,45.27,43.330002,44.400002,47000,37.57891
2005-04-26,44.689999,45.049999,44.27,45.009998,17800,38.09519
2005-04-27,43.860001,44.00,42.25,42.25,47700,35.75921
2005-04-28,41.75,41.759998,37.529999,37.82,53900,32.00978
2005-04-29,37.509998,38.720001,37.509998,38.529999,31300,32.61070
2005-05-02,38.00,39.27,38.00,39.27,11000,33.23702
2005-05-03,39.32,39.630001,39.130001,39.619999,4500,33.53325
2005-05-04,38.91,40.290001,38.91,40.189999,13000,34.01568
2005-05-05,40.50,40.59,40.099998,40.279999,5200,34.09185
2005-05-06,40.52,40.900002,40.360001,40.610001,12600,34.37116
2005-05-09,40.73,41.310001,40.259998,41.310001,13600,34.96362
2005-05-10,40.93,42.009998,40.93,41.549999,14400,35.16675
2005-05-11,41.799999,42.009998,41.560001,41.720001,11300,35.31063
2005-05-12,41.970001,42.360001,41.57,41.830002,7700,35.40373
2005-05-13,41.09,41.220001,40.59,40.77,10700,34.50658
2005-05-16,40.77,41.419998,40.77,41.299999,23700,34.95515
2005-05-17,40.150002,41.110001,39.68,40.91,34900,34.62507
2005-05-18,41.41,44.00,41.25,43.959999,38800,37.20650
2005-05-19,44.040001,44.470001,43.779999,43.779999,26100,37.0541
2005-05-20,43.580002,44.32,43.439999,44.32,25100,37.51120
2005-05-23,43.799999,44.209999,43.450001,43.639999,38300,36.93566
2005-05-24,43.27,43.790001,42.959999,43.380001,26900,36.71561
2005-05-25,43.07,43.619999,42.490002,42.610001,25500,36.06390
2005-05-26,42.450001,43.290001,42.450001,42.919998,41000,36.3262
2005-05-27,42.57,43.450001,42.509998,42.759998,16800,36.19086
2005-05-31,42.509998,43.25,42.509998,42.799999,6200,36.22471
2005-06-01,43.369999,43.970001,42.98,43.82,11700,37.08801
2005-06-02,43.240002,43.439999,42.18,42.549999,17200,36.01312
2005-06-03,42.59,42.82,41.779999,41.91,20700,35.47144
2005-06-06,41.509998,43.259998,41.509998,42.93,6200,36.33474
2005-06-07,43.580002,43.860001,42.950001,43.25,5400,36.60558
2005-06-08,43.48,43.48,42.23,42.68,18200,36.12315
2005-06-09,42.27,42.77,42.029999,42.66,12200,36.10622
2005-06-10,42.360001,42.599998,42.040001,42.040001,3600,35.58147
2005-06-13,41.830002,41.990002,41.349998,41.59,7400,35.20060
2005-06-14,41.349998,43.130001,41.349998,43.119999,9800,36.49555
2005-06-15,42.48,42.889999,41.490002,42.720001,15400,36.15700
2005-06-16,42.959999,43.68,42.59,43.68,11200,36.96952
2005-06-17,39.009998,43.529999,39.009998,42.52,118300,35.98773
2005-06-20,42.349998,42.52,41.279999,41.560001,9900,35.17521
2005-06-21,41.349998,42.00,41.349998,41.419998,5900,35.05672
2005-06-22,41.07,41.25,40.25,40.259998,9400,34.07493
2005-06-23,40.080002,40.849998,38.93,39.240002,28200,33.21163
2005-06-24,39.220001,39.330002,38.799999,39.25,68500,33.22009
2005-06-27,39.02,39.169998,38.560001,38.59,30200,32.66149
2005-06-28,38.419998,39.060001,38.200001,38.200001,28200,32.33140
2005-06-29,38.060001,38.630001,38.060001,38.630001,23400,32.69534
2005-06-30,38.009998,39.07,37.759998,38.82,26300,33.02714
2005-07-01,38.400002,39.049999,38.380001,38.939999,12200,33.1292
2005-07-05,38.849998,40.290001,38.689999,40.23,9500,34.22674
2005-07-06,40.169998,40.169998,39.130001,39.299999,8300,33.4355
2005-07-07,38.889999,40.119999,38.889999,39.810001,5100,33.86941
2005-07-08,40.189999,42.490002,40.18,42.470001,30600,36.13248
2005-07-11,42.759998,45.580002,42.759998,44.91,17100,38.20837
2005-07-12,45.349998,45.349998,42.900002,44.27,16200,37.66388
2005-07-13,44.110001,44.18,43.32,43.810001,9000,37.27252
2005-07-14,43.490002,44.43,41.00,42.119999,16500,35.8347
2005-07-15,42.07,42.130001,40.900002,41.41,6700,35.23065
2005-07-18,40.830002,41.220001,40.470001,41.220001,2100,35.06901
2005-07-19,41.490002,42.16,41.400002,42.16,11800,35.86874
2005-07-20,41.200001,44.330002,41.200001,44.009998,8400,37.44267
2005-07-21,44.259998,44.259998,42.959999,42.959999,7500,36.54936
2005-07-22,43.080002,43.220001,41.57,42.810001,4400,36.42174
2005-07-25,42.779999,43.200001,42.560001,43.099998,3400,36.66847
2005-07-26,43.00,43.400002,42.27,42.740002,6000,36.36219
2005-07-27,41.939999,43.459999,41.43,41.869999,58500,35.62201
2005-07-28,42.369999,42.389999,41.290001,41.880001,32100,35.63052
2005-07-29,41.669998,42.099998,40.869999,40.919998,6900,34.81377
2005-08-01,41.060001,41.16,40.43,40.77,7800,34.68616
2005-08-02,41.259998,42.25,40.91,42.00,20500,35.73261
2005-08-03,41.91,41.91,41.040001,41.490002,2800,35.29872
2005-08-04,41.110001,41.110001,40.02,40.02,12200,34.0480
2005-08-05,40.509998,40.52,39.389999,39.91,9700,33.95449
2005-08-08,39.549999,40.810001,39.099998,40.77,14600,34.68616
2005-08-09,40.849998,41.52,40.849998,41.130001,4000,34.99244
2005-08-10,41.200001,42.09,41.049999,41.990002,20600,35.72411
2005-08-11,42.09,42.209999,41.709999,41.900002,4800,35.64754
2005-08-12,41.650002,42.139999,39.91,39.98,10300,34.01404
2005-08-15,39.889999,40.709999,39.889999,40.439999,4500,34.40540
2005-08-16,39.91,40.48,39.91,40.00,14000,34.03106
2005-08-17,39.919998,40.799999,39.880001,40.330002,4200,34.31182
2005-08-18,40.419998,40.52,39.490002,40.09,3100,34.10763
2005-08-19,39.869999,40.470001,39.700001,39.73,13500,33.80135
2005-08-22,39.23,39.299999,38.650002,38.830002,11600,33.03565
2005-08-23,38.43,38.509998,37.93,38.16,10100,32.46563
2005-08-24,38.34,38.950001,37.970001,37.970001,11700,32.30398
2005-08-25,38.669998,38.669998,38.060001,38.139999,6700,32.44861
2005-08-26,37.759998,38.139999,37.00,37.00,12000,31.47873
2005-08-29,37.07,37.950001,36.970001,37.860001,14900,32.21040
2005-08-30,38.099998,38.349998,37.740002,38.169998,7600,32.47414
2005-08-31,38.279999,38.990002,38.00,38.900002,12900,33.09521
2005-09-01,38.490002,38.950001,38.080002,38.139999,11800,32.44861
2005-09-02,38.189999,38.50,37.889999,38.490002,5900,32.74639
2005-09-06,38.830002,38.880001,37.560001,38.18,11900,32.48265
2005-09-07,38.799999,38.880001,37.869999,38.330002,5700,32.61026
2005-09-08,38.18,38.700001,37.580002,38.00,8100,32.32951
2005-09-09,38.00,38.00,36.77,36.82,20400,31.32559
2005-09-12,37.080002,37.439999,36.82,36.849998,11600,31.35111
2005-09-13,36.52,37.18,36.299999,36.77,19200,31.28305
2005-09-14,37.25,37.32,36.84,37.16,22800,31.61485
2005-09-15,37.049999,37.50,37.02,37.200001,16600,31.64889
2005-09-16,37.049999,37.50,37.00,37.00,212000,31.47873
2005-09-19,37.41,37.43,36.689999,36.900002,12000,31.39365
2005-09-20,36.68,37.330002,36.560001,37.00,25600,31.47873
2005-09-21,36.91,37.00,35.990002,35.990002,22800,30.61945
2005-09-22,36.169998,36.740002,35.900002,36.060001,7600,30.67900
2005-09-23,36.43,36.779999,36.099998,36.169998,23500,30.77258
2005-09-26,36.779999,37.09,36.560001,36.790001,13300,31.30007
2005-09-27,36.919998,36.919998,36.040001,36.389999,18200,30.9597
2005-09-28,36.259998,36.360001,35.75,35.75,22800,30.41526
2005-09-29,35.830002,36.84,35.830002,36.48,4800,31.0363
2005-09-30,36.75,37.049999,36.139999,36.720001,7400,31.41273
2005-10-03,36.50,37.150002,36.200001,36.200001,14100,30.96789
2005-10-04,36.650002,36.650002,33.880001,34.09,15600,29.16285
2005-10-05,34.240002,34.279999,32.23,32.23,12400,27.5716
2005-10-06,32.700001,32.779999,31.860001,32.07,12600,27.43481
2005-10-07,31.799999,33.610001,31.799999,33.610001,12200,28.75223
2005-10-10,34.040001,34.040001,32.049999,32.91,11300,28.15340
2005-10-11,33.02,33.360001,32.43,32.599998,6300,27.88821
2005-10-12,32.599998,33.32,32.50,32.560001,10500,27.85399
2005-10-13,32.209999,33.450001,32.049999,32.049999,12200,27.41770
2005-10-14,32.00,32.200001,31.25,31.620001,7800,27.04985
2005-10-17,31.73,31.959999,31.43,31.610001,6000,27.04130
2005-10-18,32.349998,32.349998,31.370001,31.52,10600,26.9643
2005-10-19,31.799999,32.330002,31.620001,31.969999,7500,27.34926
2005-10-20,32.02,32.02,31.200001,31.290001,5900,26.76755
2005-10-21,31.09,32.119999,30.940001,31.40,14300,26.86165
2005-10-24,31.60,33.060001,31.60,32.830002,6600,28.08497
2005-10-25,34.48,36.349998,33.330002,33.849998,20500,28.95754
2005-10-26,33.259998,35.25,33.07,34.450001,12700,29.47082
2005-10-27,34.330002,35.689999,32.700001,32.84,16500,28.09352
2005-10-28,32.599998,33.799999,32.599998,33.799999,21400,28.91477
2005-10-31,34.060001,34.759998,33.860001,34.150002,11200,29.21418
2005-11-01,34.419998,35.32,34.25,35.32,7100,30.21508
2005-11-02,35.369999,36.450001,35.200001,36.25,8900,31.01066
2005-11-03,35.860001,36.360001,35.529999,35.619999,8400,30.47172
2005-11-04,36.049999,36.25,35.66,36.200001,20600,30.96789
2005-11-07,36.139999,36.380001,35.970001,36.299999,10600,31.05343
2005-11-08,35.689999,36.32,35.689999,36.32,7100,31.07054
2005-11-09,35.939999,36.529999,35.189999,36.220001,8100,30.98500
2005-11-10,35.650002,36.25,35.52,36.150002,9600,30.92512
2005-11-11,36.34,37.09,36.049999,36.43,5500,31.16465
2005-11-14,37.16,37.689999,36.119999,37.09,9500,31.72925
2005-11-15,37.09,37.290001,36.310001,36.84,6900,31.51539
2005-11-16,36.119999,36.650002,35.560001,35.560001,7400,30.42039
2005-11-17,35.66,36.459999,35.66,36.200001,8000,30.96789
2005-11-18,36.709999,36.709999,36.220001,36.25,3900,31.01066
2005-11-21,36.27,36.790001,35.759998,36.470001,8400,31.1988
2005-11-22,37.00,37.540001,36.959999,36.959999,13800,31.61804
2005-11-23,36.93,37.25,36.759998,37.07,9900,31.71214
2005-11-25,37.790001,38.369999,37.43,38.169998,9100,32.65316
2005-11-28,37.75,38.240002,37.240002,37.50,15000,32.0
2005-11-29,38.110001,38.490002,37.02,37.52,12800,32.0971
2005-11-30,37.080002,37.880001,37.009998,37.75,14900,32.29386
2005-12-01,38.049999,38.950001,37.700001,38.639999,8900,33.05523
2005-12-02,38.889999,39.880001,38.869999,39.459999,11400,33.75671
2005-12-05,39.799999,40.099998,38.860001,39.130001,10800,33.47441
2005-12-06,39.080002,39.48,38.900002,39.25,7400,33.57706
2005-12-07,39.529999,39.529999,38.380001,38.57,12700,32.99534
2005-12-08,38.59,38.970001,37.880001,38.209999,5200,32.6873
2005-12-09,38.450001,38.860001,37.50,38.330002,4600,32.79003
2005-12-12,38.009998,39.060001,38.009998,38.669998,6400,33.08089
2005-12-13,38.689999,39.259998,38.650002,39.00,3500,33.363
2005-12-14,39.25,39.25,38.619999,39.00,1900,33.363
2005-12-15,38.48,38.52,37.900002,38.380001,7900,32.83281
2005-12-16,38.209999,38.82,37.529999,37.529999,47000,32.10566
2005-12-19,36.77,37.50,35.779999,35.860001,8700,30.67703
2005-12-20,36.799999,37.380001,35.950001,36.040001,11800,30.83101
2005-12-21,36.610001,36.849998,35.84,35.84,5200,30.65992
2005-12-22,35.84,36.439999,35.529999,35.529999,5100,30.3947
2005-12-23,36.099998,36.43,35.900002,36.380001,1700,31.12187
2005-12-27,36.790001,36.810001,35.830002,36.049999,4700,30.83957
2005-12-28,36.099998,37.110001,36.099998,36.889999,9500,31.55816
2005-12-29,36.200001,38.93,36.200001,38.080002,19100,32.75374
2005-12-30,38.299999,38.650002,37.599998,37.740002,9100,32.46130
2006-01-03,38.349998,38.459999,36.919998,37.799999,8100,32.51290
2006-01-04,37.82,37.82,37.02,37.02,3200,31.84200
2006-01-05,37.43,37.43,37.00,37.099998,3300,31.91081
2006-01-06,36.889999,37.560001,36.799999,37.060001,4900,31.87641
2006-01-09,37.619999,38.549999,37.299999,37.830002,6700,32.53871
2006-01-10,38.18,38.880001,37.830002,38.73,8600,33.3128
2006-01-11,39.240002,39.240002,38.639999,38.77,9900,33.34723
2006-01-12,39.150002,41.09,38.779999,40.610001,28100,34.92987
2006-01-13,41.09,41.09,40.18,40.349998,8400,34.7062
2006-01-17,40.080002,40.099998,39.00,39.080002,7400,33.61387
2006-01-18,39.169998,40.00,39.080002,40.00,7900,34.40519
2006-01-19,39.549999,40.259998,39.400002,39.77,5700,34.20736
2006-01-20,39.52,39.52,39.060001,39.240002,3900,33.75149
2006-01-23,38.860001,38.860001,37.310001,37.310001,9300,32.09144
2006-01-24,37.00,38.02,37.00,38.02,11000,32.70213
2006-01-25,38.790001,39.470001,38.380001,38.919998,12800,33.47625
2006-01-26,38.779999,40.889999,38.779999,40.880001,13300,35.16211
2006-01-27,40.900002,43.919998,40.869999,43.790001,17200,37.66508
2006-01-30,43.009998,43.880001,42.639999,43.049999,9500,37.02859
2006-01-31,43.240002,43.240002,41.66,42.240002,5900,36.33188
2006-02-01,42.00,42.950001,42.00,42.130001,10800,36.23727
2006-02-02,42.110001,42.299999,38.41,38.700001,18500,33.28702
2006-02-03,39.130001,39.43,38.380001,38.580002,5100,33.18381
2006-02-06,38.169998,38.529999,37.52,37.650002,7400,32.38389
2006-02-07,37.349998,38.310001,37.349998,37.900002,2700,32.59892
2006-02-08,38.330002,39.240002,38.029999,38.82,5500,33.39024
2006-02-09,38.439999,39.189999,38.209999,38.950001,7400,33.5020
2006-02-10,39.029999,39.029999,37.610001,38.470001,4400,33.08919
2006-02-13,37.77,38.110001,36.619999,36.689999,8500,31.55816
2006-02-14,36.799999,38.130001,36.75,37.970001,10900,32.65913
2006-02-15,38.52,39.709999,38.360001,39.470001,7900,33.94932
2006-02-16,39.93,40.200001,39.259998,40.110001,4300,34.49981
2006-02-17,40.419998,40.419998,39.099998,39.139999,5300,33.66548
2006-02-21,39.259998,39.259998,37.599998,37.91,6400,32.60752
2006-02-22,37.720001,38.18,37.080002,37.400002,7600,32.16885
2006-02-23,37.150002,37.27,36.32,36.66,5800,31.53236
2006-02-24,36.450001,37.060001,36.240002,37.060001,4000,31.87641
2006-02-27,36.700001,37.689999,36.700001,37.040001,9800,31.85921
2006-02-28,36.740002,36.77,35.060001,35.389999,30100,30.43999
2006-03-01,35.700001,36.110001,35.040001,35.419998,21800,30.46579
2006-03-02,35.41,35.41,34.52,34.669998,10800,29.82070
2006-03-03,34.439999,35.369999,34.439999,34.50,15200,29.67448
2006-03-06,34.310001,35.369999,34.310001,34.639999,6400,29.79489
2006-03-07,35.009998,35.009998,33.93,34.389999,10200,29.57986
2006-03-08,34.700001,34.700001,34.049999,34.060001,3400,29.29602
2006-03-09,34.330002,34.490002,34.049999,34.18,7700,29.3992
2006-03-10,34.50,35.150002,34.150002,35.07,12000,30.16475
2006-03-13,34.669998,35.240002,33.970001,34.00,28400,29.24441
2006-03-14,33.889999,34.330002,32.779999,33.82,29300,29.08959
2006-03-15,34.299999,35.57,33.919998,34.779999,42700,29.91531
2006-03-16,35.389999,36.650002,35.389999,36.220001,23100,31.15390
2006-03-17,36.490002,36.599998,36.150002,36.450001,34100,31.35173
2006-03-20,36.720001,36.959999,36.119999,36.869999,10800,31.71298
2006-03-21,36.299999,36.889999,36.299999,36.299999,14500,31.22271
2006-03-22,36.299999,36.299999,35.310001,35.599998,35600,30.62062
2006-03-23,35.77,35.77,35.279999,35.549999,10500,30.57761
2006-03-24,35.580002,36.82,35.580002,36.77,13000,31.62697
2006-03-27,36.790001,38.330002,36.790001,38.09,16700,32.76234
2006-03-28,38.310001,38.310001,37.110001,37.540001,18300,32.28927
2006-03-29,37.919998,39.290001,37.130001,39.279999,8800,33.78590
2006-03-30,39.509998,39.75,39.18,39.709999,13100,34.15575
2006-03-31,40.07,41.029999,39.720001,40.93,17300,35.38332
2006-04-03,41.389999,41.75,39.450001,39.900002,19300,34.49290
2006-04-04,39.049999,39.099998,37.09,37.130001,19100,32.09828
2006-04-05,37.650002,37.650002,36.209999,36.490002,13600,31.54501
2006-04-06,36.700001,36.779999,36.240002,36.380001,6000,31.44992
2006-04-07,36.310001,37.34,36.240002,37.02,11100,32.00319
2006-04-10,37.23,37.299999,36.50,36.599998,17400,31.64010
2006-04-11,36.919998,37.259998,35.779999,35.93,11800,31.06090
2006-04-12,37.490002,38.880001,37.290001,37.389999,19200,32.32305
2006-04-13,37.139999,38.32,37.139999,38.080002,9400,32.91954
2006-04-17,37.650002,39.07,37.650002,38.869999,10100,33.60248
2006-04-18,39.470001,40.00,39.200001,39.990002,20200,34.57071
2006-04-19,39.990002,41.209999,39.82,41.209999,11300,35.6253
2006-04-20,40.650002,41.779999,40.650002,41.779999,6200,36.11813
2006-04-21,42.34,42.34,41.389999,42.09,22800,36.38612
2006-04-24,42.360001,42.360001,41.419998,41.599998,10100,35.96252
2006-04-25,40.919998,42.259998,40.919998,42.259998,12100,36.53308
2006-04-26,42.369999,43.23,42.369999,42.66,9200,36.87888
2006-04-27,42.139999,42.68,41.709999,42.610001,7400,36.83565
2006-04-28,41.689999,42.419998,41.689999,42.419998,4900,36.67140
2006-05-01,41.560001,43.299999,41.560001,41.66,6000,36.01439
2006-05-02,41.369999,42.509998,41.369999,42.43,11400,36.68005
2006-05-03,42.040001,42.810001,41.360001,41.799999,9700,36.13542
2006-05-04,41.52,42.18,40.560001,41.939999,5800,36.25645
2006-05-05,42.419998,43.349998,41.360001,43.060001,2600,37.22467
2006-05-08,43.310001,44.00,43.099998,43.75,4300,37.8211
2006-05-09,43.990002,44.700001,43.959999,44.02,11000,38.05458
2006-05-10,44.23,44.259998,42.82,43.209999,11900,37.35434
2006-05-11,43.41,43.419998,39.32,39.66,17400,34.28543
2006-05-12,39.189999,39.700001,38.02,38.349998,33100,33.15295
2006-05-15,37.919998,38.59,37.25,38.25,16900,33.06650
2006-05-16,38.060001,38.700001,38.060001,38.610001,2300,33.37772
2006-05-17,38.200001,38.650002,37.84,37.950001,4400,32.80716
2006-05-18,37.52,37.93,37.009998,37.029999,8100,32.01183
2006-05-19,37.00,37.02,36.27,36.419998,10800,31.48450
2006-05-22,35.919998,36.349998,35.669998,35.830002,11100,30.97445
2006-05-23,35.900002,36.040001,35.169998,35.41,7200,30.61137
2006-05-24,35.810001,35.959999,35.00,35.959999,6300,31.0868
2006-05-25,36.00,37.779999,35.869999,37.439999,10900,32.36627
2006-05-26,37.860001,37.889999,37.09,37.52,7800,32.43543
2006-05-30,36.93,37.91,35.619999,35.880001,9300,31.01768
2006-05-31,36.119999,36.830002,34.93,36.790001,18700,31.80436
2006-06-01,36.790001,37.779999,36.099998,37.779999,12100,32.660
2006-06-02,38.139999,39.939999,38.119999,39.939999,9400,34.52748
2006-06-05,39.630001,39.630001,36.759998,37.200001,19200,32.15880
2006-06-06,37.419998,37.419998,35.509998,35.619999,11900,30.79291
2006-06-07,35.919998,38.540001,35.00,38.220001,16900,33.04057
2006-06-08,38.459999,38.459999,36.450001,37.669998,7800,32.56510
2006-06-09,37.360001,37.900002,36.459999,36.810001,4300,31.82165
2006-06-12,35.919998,36.00,34.93,34.970001,8100,30.23100
2006-06-13,34.43,35.130001,34.150002,34.349998,10900,29.6950
2006-06-14,34.77,34.77,33.650002,33.650002,17800,29.08988
2006-06-15,33.900002,35.259998,33.580002,34.299999,9900,29.65179
2006-06-16,34.130001,34.490002,33.299999,33.41,58000,28.88240
2006-06-19,33.580002,33.689999,33.119999,33.200001,12900,28.70086
2006-06-20,33.619999,33.619999,32.200001,32.209999,22300,27.84502
2006-06-21,32.560001,33.189999,32.560001,33.00,13100,28.52796
2006-06-22,33.419998,33.610001,33.00,33.299999,30100,28.78731
2006-06-23,33.00,33.540001,33.00,33.330002,9900,28.8132
2006-06-26,33.27,34.259998,33.27,34.259998,5100,29.61721
2006-06-27,34.619999,35.07,34.330002,34.540001,11700,29.85927
2006-06-28,34.23,34.990002,34.200001,34.990002,7500,30.24829
2006-06-29,35.380001,38.919998,35.380001,38.720001,11800,33.66524
2006-06-30,38.650002,40.080002,38.650002,39.419998,38400,34.2738
2006-07-03,39.400002,39.73,39.299999,39.73,3400,34.54339
2006-07-05,39.150002,39.650002,37.290001,38.380001,11100,33.3696
2006-07-06,38.23,38.950001,37.650002,38.509998,19900,33.48265
2006-07-07,38.259998,38.400002,36.689999,36.689999,2500,31.90025
2006-07-10,36.700001,36.720001,36.360001,36.720001,2400,31.92633
2006-07-11,36.240002,37.849998,35.259998,37.669998,11600,32.75231
2006-07-12,37.52,38.169998,37.130001,37.23,8200,32.36975
2006-07-13,37.23,37.23,34.330002,34.330002,15000,29.84834
2006-07-14,34.689999,34.689999,33.349998,34.240002,11800,29.77009
2006-07-17,34.040001,34.080002,33.560001,33.720001,9400,29.31797
2006-07-18,34.25,35.060001,33.599998,34.799999,15100,30.25698
2006-07-19,34.509998,36.200001,34.200001,36.150002,9300,31.43074
2006-07-20,36.099998,36.950001,35.009998,35.110001,11100,30.52651
2006-07-21,34.889999,34.889999,33.040001,33.50,9200,29.12669
2006-07-24,33.709999,34.950001,33.709999,34.880001,7500,30.32654
2006-07-25,35.209999,35.459999,34.860001,35.080002,6400,30.50043
2006-07-26,35.060001,35.98,34.990002,35.040001,6600,30.46565
2006-07-27,35.43,35.43,33.849998,33.919998,3900,29.49186
2006-07-28,34.099998,36.009998,33.50,35.849998,5400,31.16991
2006-07-31,35.23,36.509998,35.23,36.509998,10700,31.7437
2006-08-01,35.939999,36.299999,35.400002,35.700001,5300,31.03949
2006-08-02,36.07,36.669998,35.790001,35.790001,6900,31.11774
2006-08-03,35.470001,35.82,35.049999,35.619999,5400,30.96993
2006-08-04,35.950001,36.259998,35.490002,35.849998,6800,31.16991
2006-08-07,35.849998,35.849998,34.360001,34.73,6700,30.19612
2006-08-08,34.73,34.889999,33.040001,33.43,7000,29.06583
2006-08-09,33.360001,33.810001,33.169998,33.639999,17800,29.24841
2006-08-10,33.169998,34.00,33.009998,33.830002,7700,29.41361
2006-08-11,33.52,33.810001,33.00,33.540001,3800,29.16147
2006-08-14,34.02,35.27,34.02,35.189999,5800,30.59607
2006-08-15,34.919998,36.93,34.919998,36.93,6400,32.10892
2006-08-16,37.23,37.52,36.599998,36.880001,8900,32.0654
2006-08-17,36.630001,37.639999,36.52,37.490002,8900,32.59581
2006-08-18,37.740002,37.740002,36.939999,36.959999,3600,32.13500
2006-08-21,36.82,37.009998,36.639999,37.009998,1800,32.17847
2006-08-22,36.77,37.25,36.650002,37.200001,4500,32.34367
2006-08-23,37.00,37.00,36.41,36.419998,2300,31.66549
2006-08-24,36.470001,36.700001,34.869999,35.09,8800,30.50912
2006-08-25,35.080002,35.889999,35.080002,35.75,5400,31.08296
2006-08-28,35.459999,36.82,35.459999,36.740002,7000,31.94372
2006-08-29,37.029999,38.290001,36.540001,37.98,12400,33.02184
2006-08-30,37.50,39.18,37.50,38.939999,3200,33.85652
2006-08-31,38.900002,39.00,38.540001,38.599998,6900,33.56090
2006-09-01,38.700001,39.580002,38.700001,39.119999,4400,34.01302
2006-09-05,39.529999,39.98,39.450001,39.98,5800,34.76075
2006-09-06,40.09,40.09,38.099998,38.16,7900,33.1783
2006-09-07,40.009998,41.00,39.959999,40.98,29200,35.63020
2006-09-08,41.00,41.00,40.400002,40.59,6500,35.29112
2006-09-11,40.50,40.939999,40.50,40.889999,12300,35.55195
2006-09-12,40.950001,41.080002,40.849998,41.049999,59100,35.6910
2006-09-13,41.049999,41.650002,41.009998,41.369999,188000,35.96929
2006-09-14,41.009998,42.07,41.009998,42.07,4500,36.57791
2006-09-15,42.27,42.400002,42.049999,42.07,38500,36.57791
2006-09-18,41.849998,42.09,41.50,41.50,7200,36.08232
2006-09-19,41.470001,41.610001,41.330002,41.549999,9400,36.12579
2006-09-20,41.459999,43.00,41.459999,42.77,12000,37.18653
2006-09-21,42.990002,42.990002,41.669998,41.970001,6500,36.49096
2006-09-22,41.59,41.73,40.889999,41.450001,13200,36.03885
2006-09-25,41.450001,42.41,41.450001,42.32,9000,36.79527
2006-09-26,42.029999,42.400002,42.00,42.060001,20000,36.5692
2006-09-27,42.049999,42.490002,42.049999,42.439999,8700,36.8996
2006-09-28,42.389999,42.66,42.32,42.32,21800,36.79527
2006-09-29,42.400002,42.400002,41.849998,41.919998,19600,36.62055
2006-10-02,41.970001,42.25,41.720001,41.720001,12300,36.44584
2006-10-03,42.240002,42.50,41.709999,42.50,16900,37.12723
2006-10-04,42.290001,43.00,42.290001,43.00,9800,37.56402
2006-10-05,42.799999,43.040001,42.68,42.849998,13600,37.4329
2006-10-06,43.00,43.00,42.389999,42.900002,27900,37.47667
2006-10-09,42.619999,43.759998,42.619999,43.50,12200,38.0008
2006-10-10,43.50,43.599998,43.150002,43.150002,11700,37.69506
2006-10-11,43.299999,43.299999,42.700001,42.700001,14800,37.30195
2006-10-12,43.389999,44.009998,42.860001,44.009998,17900,38.44634
2006-10-13,44.009998,48.290001,44.00,47.990002,15600,41.92320
2006-10-16,47.630001,48.68,46.290001,48.529999,14400,42.39493
2006-10-17,51.240002,51.490002,49.060001,49.57,27500,43.30346
2006-10-18,49.709999,50.73,48.66,49.279999,9600,43.05012
2006-10-19,48.91,49.779999,48.299999,49.439999,5400,43.18989
2006-10-20,49.799999,49.799999,48.240002,49.439999,12500,43.18989
2006-10-23,49.02,49.93,49.02,49.889999,5500,43.58300
2006-10-24,49.290001,49.529999,48.830002,49.220001,4800,42.9977
2006-10-25,49.619999,49.619999,48.75,49.619999,2000,43.34714
2006-10-26,50.209999,50.220001,49.419998,49.650002,5900,43.37335
2006-10-27,50.029999,50.029999,49.380001,49.380001,3000,43.13748
2006-10-30,49.00,49.00,47.16,48.369999,11000,42.25516
2006-10-31,47.650002,48.41,47.490002,48.41,19200,42.29010
2006-11-01,47.75,48.459999,47.75,47.959999,21000,41.89699
2006-11-02,47.900002,48.110001,47.389999,47.389999,12900,41.39905
2006-11-03,47.849998,47.849998,47.029999,47.209999,7800,41.24180
2006-11-06,47.470001,47.490002,47.00,47.220001,6900,41.25054
2006-11-07,46.959999,48.16,46.959999,47.57,26200,41.55629
2006-11-08,47.240002,48.439999,47.240002,48.00,8800,41.93193
2006-11-09,48.150002,48.169998,47.57,47.57,9300,41.55629
2006-11-10,48.029999,48.049999,47.490002,47.490002,2000,41.48641
2006-11-13,47.400002,48.959999,47.400002,48.310001,5600,42.20275
2006-11-14,48.310001,50.349998,48.310001,50.349998,5100,43.98485
2006-11-15,49.93,51.040001,49.93,51.040001,8600,44.58762
2006-11-16,51.00,51.00,50.540001,50.849998,3600,44.42164
2006-11-17,50.689999,51.099998,50.66,50.84,5400,44.41291
2006-11-20,50.93,51.360001,50.889999,51.360001,6300,44.86717
2006-11-21,50.790001,51.48,50.790001,51.369999,15600,44.8759
2006-11-22,51.740002,51.75,51.150002,51.200001,4500,44.72740
2006-11-24,51.150002,51.150002,50.75,50.93,1400,44.49153
2006-11-27,51.049999,51.049999,48.029999,48.029999,5800,41.95814
2006-11-28,47.560001,48.220001,47.50,47.810001,6900,41.7659
2006-11-29,48.330002,50.02,48.330002,50.02,5700,43.69657
2006-11-30,50.02,50.91,49.560001,50.23,13200,43.88002
2006-12-01,50.610001,50.619999,48.630001,49.619999,9000,43.34714
2006-12-04,49.279999,50.919998,49.279999,50.50,10200,44.11589
2006-12-05,50.360001,50.709999,49.419998,49.419998,6500,43.17242
2006-12-06,49.360001,49.900002,49.040001,49.299999,9700,43.06759
2006-12-07,48.93,49.43,48.93,48.959999,4100,42.77057
2006-12-08,49.150002,49.369999,48.889999,49.209999,1800,42.98897
2006-12-11,48.900002,48.93,47.939999,47.939999,2800,41.87952
2006-12-12,48.259998,48.32,47.540001,48.32,5800,42.21148
2006-12-13,48.849998,49.240002,47.919998,48.380001,7300,42.26390
2006-12-14,48.849998,48.970001,48.540001,48.900002,4500,42.71816
2006-12-15,48.869999,49.16,46.209999,46.360001,25800,40.49926
2006-12-18,46.59,46.77,45.610001,45.779999,10400,39.99258
2006-12-19,45.650002,45.650002,44.029999,44.279999,18800,38.68221
2006-12-20,44.25,44.490002,44.00,44.25,9000,38.65600
2006-12-21,44.330002,44.650002,44.099998,44.650002,3800,39.00544
2006-12-22,44.200001,44.52,44.200001,44.400002,4700,38.78704
2006-12-26,43.98,45.52,43.98,45.369999,2000,39.63441
2006-12-27,46.189999,47.84,46.18,47.77,7300,41.73101
2006-12-28,47.540001,47.57,46.700001,46.779999,10000,40.86616
2006-12-29,47.099998,47.099998,45.799999,45.889999,7500,40.0886
2007-01-03,46.549999,46.779999,44.060001,44.970001,24100,39.45695
2007-01-04,44.599998,46.169998,44.380001,45.869999,10100,40.24661
2007-01-05,46.009998,46.009998,43.389999,43.509998,13100,38.17593
2007-01-08,43.439999,43.880001,42.959999,43.00,7900,37.72846
2007-01-09,42.529999,43.139999,41.240002,42.299999,13600,37.11427
2007-01-10,42.73,43.23,42.43,42.68,7800,37.44769
2007-01-11,43.02,43.02,39.799999,40.439999,20700,35.482
2007-01-12,40.369999,42.349998,40.369999,41.959999,9400,36.81595
2007-01-16,42.299999,42.900002,41.720001,41.990002,16500,36.84228
2007-01-17,42.139999,42.16,41.490002,41.689999,5600,36.57905
2007-01-18,41.43,41.880001,40.419998,40.610001,9700,35.63146
2007-01-19,40.490002,41.549999,40.490002,40.779999,11200,35.78061
2007-01-22,40.68,40.68,39.73,39.900002,9400,35.00850
2007-01-23,39.93,41.959999,39.93,41.860001,6100,36.72821
2007-01-24,41.84,42.049999,41.84,42.029999,1500,36.87737
2007-01-25,41.860001,42.529999,40.619999,41.029999,8800,35.9999
2007-01-26,40.869999,41.459999,40.689999,40.860001,7000,35.85081
2007-01-29,40.759998,41.549999,40.759998,41.540001,4400,36.44744
2007-01-30,41.669998,43.209999,41.669998,43.209999,2500,37.91271
2007-01-31,43.040001,44.389999,43.040001,44.389999,5500,38.94805
2007-02-01,44.34,47.00,44.34,47.00,7500,41.23808
2007-02-02,47.00,47.00,43.93,44.139999,24400,38.72870
2007-02-05,43.959999,44.290001,42.18,42.43,14200,37.22833
2007-02-06,42.599998,42.93,42.43,42.93,2200,37.66704
2007-02-07,42.860001,44.200001,42.860001,44.200001,4100,38.78134
2007-02-08,44.220001,45.619999,44.169998,45.619999,4900,40.02726
2007-02-09,45.34,45.740002,43.689999,43.720001,3800,38.36019
2007-02-12,43.889999,43.919998,42.450001,42.470001,6100,37.26343
2007-02-13,42.639999,42.639999,41.34,41.59,10600,36.49131
2007-02-14,41.540001,41.540001,40.700001,41.290001,8400,36.22809
2007-02-15,41.52,41.779999,41.389999,41.779999,4300,36.65802
2007-02-16,41.880001,42.049999,41.799999,42.049999,4200,36.89492
2007-02-20,41.889999,42.75,41.889999,42.75,1400,37.50910
2007-02-21,42.580002,42.950001,42.50,42.720001,1400,37.48278
2007-02-22,42.73,43.150002,42.209999,43.150002,3200,37.86007
2007-02-23,43.400002,43.77,43.07,43.740002,4400,38.37774
2007-02-26,43.509998,43.52,43.23,43.52,4200,38.18471
2007-02-27,43.00,43.00,42.119999,42.18,9600,37.00898
2007-02-28,42.330002,42.330002,39.189999,39.189999,9500,34.38554
2007-03-01,39.02,40.00,37.860001,37.860001,3900,33.21859
2007-03-02,37.529999,37.959999,36.080002,36.09,12500,31.66558
2007-03-05,35.490002,35.50,34.52,34.580002,11000,30.34070
2007-03-06,35.110001,36.93,34.709999,36.27,10200,31.82351
2007-03-07,36.130001,36.23,34.799999,35.139999,21400,30.83204
2007-03-08,35.310001,35.310001,34.049999,34.540001,10300,30.30560
2007-03-09,34.700001,35.330002,34.700001,34.759998,4500,30.49863
2007-03-12,34.82,35.700001,34.73,35.669998,3800,31.29707
2007-03-13,35.299999,35.619999,34.669998,34.68,17400,30.42844
2007-03-14,34.549999,35.639999,34.549999,35.639999,10300,31.27075
2007-03-15,35.700001,37.200001,35.700001,37.200001,3900,32.63950
2007-03-16,37.290001,37.700001,37.009998,37.509998,23900,32.911
2007-03-19,37.68,39.080002,37.68,38.459999,9300,33.74503
2007-03-20,38.52,38.689999,37.799999,38.32,2700,33.622
2007-03-21,38.450001,40.43,38.139999,40.43,5000,35.47352
2007-03-22,40.599998,40.849998,40.139999,40.810001,5900,35.80694
2007-03-23,40.66,41.00,40.529999,41.00,3500,35.97364
2007-03-26,40.849998,42.50,40.639999,42.330002,4400,37.140
2007-03-27,42.16,42.16,41.009998,41.009998,4000,35.98242
2007-03-28,41.029999,41.029999,39.419998,39.43,2200,34.59612
2007-03-29,39.580002,39.740002,37.27,37.59,6300,32.98169
2007-03-30,37.740002,38.529999,37.349998,37.880001,11000,33.41392
2007-04-02,37.880001,37.880001,36.57,36.84,4300,32.49653
2007-04-03,36.970001,39.779999,36.970001,39.700001,6000,35.01934
2007-04-04,39.529999,39.540001,38.669998,38.860001,2900,34.27837
2007-04-05,38.77,39.110001,38.75,38.93,1000,34.34012
2007-04-09,39.09,39.09,37.50,37.560001,3900,33.1316
2007-04-10,37.380001,37.380001,37.029999,37.07,3700,32.6994
2007-04-11,36.98,36.98,35.799999,35.889999,6400,31.65854
2007-04-12,35.84,36.060001,35.470001,36.060001,4600,31.80850
2007-04-13,35.93,36.619999,35.720001,36.580002,2200,32.26719
2007-04-16,36.970001,38.240002,36.540001,38.130001,7100,33.63444
2007-04-17,37.349998,37.349998,35.880001,36.049999,16100,31.79967
2007-04-18,36.279999,36.779999,36.080002,36.48,8100,32.17898
2007-04-19,36.330002,36.799999,36.299999,36.419998,8000,32.12605
2007-04-20,37.009998,37.099998,36.610001,37.099998,6900,32.72588
2007-04-23,36.889999,37.27,36.740002,36.810001,4600,32.47007
2007-04-24,36.610001,36.91,36.439999,36.779999,4200,32.4436
2007-04-25,36.91,37.849998,36.68,37.720001,5900,33.27278
2007-04-26,37.599998,38.200001,36.259998,36.939999,10700,32.58474
2007-04-27,37.060001,37.080002,35.709999,36.459999,9000,32.16133
2007-04-30,36.419998,36.419998,35.75,35.75,19000,31.53504
2007-05-01,35.619999,36.68,35.18,36.580002,13400,32.26719
2007-05-02,36.50,37.380001,35.889999,37.34,7800,32.93758
2007-05-03,37.580002,38.02,37.189999,37.75,12700,33.29924
2007-05-04,37.68,38.00,36.16,36.709999,5700,32.38186
2007-05-07,36.610001,36.610001,35.73,36.09,14300,31.83496
2007-05-08,35.669998,36.709999,35.240002,36.709999,20600,32.38186
2007-05-09,36.560001,36.779999,36.029999,36.48,2300,32.17898
2007-05-10,36.09,36.169998,35.59,35.810001,27300,31.58797
2007-05-11,35.810001,36.450001,35.48,36.029999,10100,31.78203
2007-05-14,36.049999,36.259998,35.52,35.790001,9800,31.57033
2007-05-15,36.07,36.419998,35.68,35.759998,12700,31.54386
2007-05-16,36.119999,36.82,35.619999,36.82,8500,32.47889
2007-05-17,36.50,36.689999,35.799999,36.68,16400,32.35540
2007-05-18,36.700001,36.700001,35.830002,36.459999,15900,32.16133
2007-05-21,36.310001,36.650002,35.959999,36.119999,9200,31.86142
2007-05-22,35.799999,36.369999,35.419998,36.369999,16600,32.0819
2007-05-23,36.48,36.48,35.75,35.889999,13900,31.65854
2007-05-24,36.09,36.110001,35.380001,35.880001,12000,31.64972
2007-05-25,36.32,36.50,35.84,35.950001,7600,31.71146
2007-05-29,36.34,36.34,35.990002,36.200001,12000,31.93199
2007-05-30,35.599998,36.169998,35.52,35.790001,56900,31.57033
2007-05-31,35.939999,37.25,35.939999,36.830002,23800,32.48771
2007-06-01,37.25,37.75,36.040001,36.529999,19200,32.22308
2007-06-04,36.77,36.82,35.880001,36.669998,10900,32.34657
2007-06-05,36.52,36.759998,35.169998,35.82,29600,31.59679
2007-06-06,35.50,36.049999,35.470001,35.689999,10000,31.48212
2007-06-07,36.25,36.25,34.650002,35.580002,21600,31.38509
2007-06-08,35.240002,35.669998,34.889999,35.200001,16900,31.04989
2007-06-11,35.07,35.41,34.669998,35.41,19500,31.23513
2007-06-12,35.240002,35.369999,34.41,35.32,26900,31.15574
2007-06-13,35.419998,35.98,34.75,35.119999,30500,30.97932
2007-06-14,34.970001,35.57,34.84,34.990002,20600,30.86465
2007-06-15,35.75,35.77,34.84,35.669998,32100,31.46447
2007-06-18,35.099998,35.720001,35.099998,35.43,22600,31.25277
2007-06-19,35.290001,39.099998,35.290001,39.00,43900,34.40187
2007-06-20,38.779999,39.169998,37.48,37.52,21300,33.09636
2007-06-21,37.41,39.380001,37.41,39.060001,10900,34.45479
2007-06-22,38.830002,39.50,37.259998,37.259998,86400,32.86701
2007-06-25,37.259998,38.50,37.060001,37.27,18900,32.8758
2007-06-26,37.41,37.529999,36.279999,36.529999,18400,32.22308
2007-06-27,36.029999,38.740002,36.00,38.540001,10800,33.99610
2007-06-28,38.48,39.290001,38.16,39.290001,19500,34.65768
2007-06-29,39.43,39.43,38.66,38.700001,11300,34.31190
2007-07-02,38.82,39.43,38.700001,38.73,11400,34.33850
2007-07-03,38.830002,38.869999,38.73,38.869999,3700,34.46262
2007-07-05,38.759998,39.00,38.27,38.490002,7900,34.12571
2007-07-06,38.400002,38.639999,36.990002,36.990002,12300,32.79579
2007-07-09,36.98,37.07,35.639999,36.119999,12800,32.02444
2007-07-10,35.84,36.009998,35.709999,35.720001,8800,31.66979
2007-07-11,35.709999,35.939999,35.66,35.939999,7600,31.86485
2007-07-12,36.09,37.080002,35.669998,37.029999,13400,32.83125
2007-07-13,37.150002,37.150002,35.939999,36.150002,11000,32.05104
2007-07-16,36.099998,36.52,35.50,35.880001,7200,31.81165
2007-07-17,35.889999,36.200001,35.189999,35.41,11600,31.39494
2007-07-18,35.279999,36.43,35.119999,36.299999,10200,32.18403
2007-07-19,36.16,36.830002,35.869999,36.580002,5500,32.43228
2007-07-20,36.50,36.50,35.279999,35.52,11000,31.49247
2007-07-23,35.23,36.279999,35.23,35.580002,12000,31.54567
2007-07-24,35.400002,35.709999,34.93,35.02,21700,31.04916
2007-07-25,35.169998,35.619999,35.00,35.209999,11200,31.21762
2007-07-26,34.799999,36.34,34.799999,35.240002,17500,31.24422
2007-07-27,35.110001,36.060001,35.060001,35.740002,23700,31.68753
2007-07-30,35.93,36.060001,35.209999,35.849998,8800,31.78505
2007-07-31,35.689999,35.919998,35.00,35.119999,22600,31.13782
2007-08-01,35.259998,36.119999,34.68,35.27,18800,31.27082
2007-08-02,35.139999,35.759998,34.75,35.759998,15600,31.70526
2007-08-03,35.669998,35.830002,34.959999,35.189999,23300,31.19989
2007-08-06,35.23,36.220001,34.860001,36.139999,13300,32.04217
2007-08-07,35.860001,37.09,35.619999,36.509998,19100,32.3702
2007-08-08,36.779999,36.779999,35.02,35.810001,33700,31.74959
2007-08-09,35.389999,36.66,34.830002,35.290001,56900,31.28855
2007-08-10,34.509998,37.16,34.389999,37.09,17100,32.88445
2007-08-13,37.75,37.900002,35.349998,35.799999,11200,31.74072
2007-08-14,35.66,36.509998,35.220001,36.240002,26900,32.13083
2007-08-15,37.990002,37.990002,35.150002,35.200001,17200,31.2087
2007-08-16,34.68,38.849998,34.68,38.200001,29700,33.86859
2007-08-17,39.529999,39.549999,37.189999,38.639999,31900,34.25870
2007-08-20,39.349998,39.349998,37.400002,39.049999,12100,34.62221
2007-08-21,38.98,39.25,37.669998,38.00,8400,33.69127
2007-08-22,38.759998,39.080002,36.759998,36.830002,19100,32.65393
2007-08-23,36.57,36.799999,34.900002,35.259998,19100,31.26195
2007-08-24,35.200001,35.689999,34.98,35.560001,35700,31.52794
2007-08-27,35.52,37.43,35.200001,36.43,11600,32.29929
2007-08-28,36.279999,36.279999,35.09,35.209999,25500,31.21762
2007-08-29,35.310001,37.16,34.990002,37.009998,9900,32.81352
2007-08-30,36.68,37.900002,35.689999,36.209999,32900,32.10423
2007-08-31,36.66,36.66,35.779999,36.52,11300,32.37908
2007-09-04,36.75,38.099998,34.220001,37.669998,42600,33.3986
2007-09-05,37.48,37.48,36.75,37.040001,12200,32.84012
2007-09-06,37.02,37.02,36.75,36.82,7300,32.64507
2007-09-07,36.279999,36.759998,35.669998,36.150002,18800,32.05104
2007-09-10,36.240002,36.240002,34.349998,35.150002,9500,31.1644
2007-09-11,34.459999,35.830002,34.459999,35.830002,8000,31.76732
2007-09-12,35.889999,35.91,35.02,35.09,6200,31.11123
2007-09-13,35.189999,35.970001,35.09,35.759998,5700,31.70526
2007-09-14,35.119999,36.450001,35.029999,35.68,10500,31.63433
2007-09-17,35.650002,35.950001,34.73,34.959999,12300,30.99597
2007-09-18,35.049999,37.720001,34.689999,37.34,11000,33.1061
2007-09-19,37.580002,38.150002,36.419998,37.18,28500,32.96425
2007-09-20,37.00,37.110001,36.450001,36.669998,8000,32.51207
2007-09-21,36.959999,36.959999,36.34,36.43,23600,32.29929
2007-09-24,37.310001,37.310001,35.349998,35.73,15200,31.67866
2007-09-25,35.549999,35.639999,35.110001,35.389999,7200,31.37721
2007-09-26,35.48,35.950001,35.259998,35.830002,5800,31.76732
2007-09-27,35.98,36.139999,35.259998,35.259998,3500,31.26195
2007-09-28,35.16,36.50,34.77,34.810001,14800,31.0390
2007-10-01,34.91,36.93,34.849998,35.700001,14700,31.83262
2007-10-02,35.669998,37.049999,35.369999,36.580002,6600,32.61729
2007-10-03,36.299999,37.279999,35.470001,35.470001,12500,31.62754
2007-10-04,35.66,36.07,35.029999,35.529999,8500,31.6810
2007-10-05,35.93,38.209999,35.93,38.18,11000,34.04396
2007-10-08,38.02,38.439999,36.849998,37.240002,14700,33.20579
2007-10-09,37.27,37.759998,36.169998,37.240002,13400,33.20579
2007-10-10,37.43,37.490002,36.98,37.299999,6600,33.25929
2007-10-11,37.41,37.990002,35.869999,35.869999,20300,31.98420
2007-10-12,35.610001,35.900002,35.470001,35.82,6600,31.93962
2007-10-15,35.77,35.830002,35.25,35.310001,18000,31.48487
2007-10-16,35.360001,35.700001,35.25,35.27,5900,31.44920
2007-10-17,35.68,35.830002,35.189999,35.360001,12400,31.52945
2007-10-18,34.950001,35.330002,34.869999,35.02,9600,31.2262
2007-10-19,35.02,35.09,34.790001,34.799999,14700,31.03012
2007-10-22,34.759998,35.290001,34.099998,34.990002,5600,31.19954
2007-10-23,35.279999,35.57,34.75,35.57,6800,31.71670
2007-10-24,35.23,35.389999,34.57,35.369999,7800,31.53837
2007-10-25,35.34,35.57,34.549999,34.98,4500,31.19062
2007-10-26,35.389999,35.799999,34.560001,35.400002,5000,31.56512
2007-10-29,35.369999,35.369999,34.360001,34.52,5700,30.78045
2007-10-30,34.27,34.529999,34.200001,34.509998,4300,30.77153
2007-10-31,34.509998,35.529999,34.490002,35.389999,6600,31.55620
2007-11-01,34.52,34.52,33.849998,34.099998,17600,30.40595
2007-11-02,34.450001,34.450001,32.48,32.77,24100,29.22003
2007-11-05,32.299999,32.59,32.119999,32.560001,8600,29.03278
2007-11-06,32.560001,33.049999,32.00,32.849998,6600,29.29136
2007-11-07,32.32,32.630001,31.99,32.130001,9500,28.64936
2007-11-08,32.279999,33.330002,31.549999,33.330002,8600,29.71936
2007-11-09,33.009998,33.130001,32.00,32.900002,10500,29.3359
2007-11-12,32.630001,33.700001,32.130001,33.700001,5900,30.04928
2007-11-13,33.900002,35.759998,33.220001,35.740002,10900,31.86829
2007-11-14,35.82,35.82,33.450001,33.900002,11200,30.2276
2007-11-15,34.459999,34.459999,32.07,32.360001,8400,28.85444
2007-11-16,32.27,33.200001,32.27,32.549999,10700,29.02386
2007-11-19,32.290001,32.900002,32.00,32.759998,9600,29.21111
2007-11-20,32.689999,33.27,32.00,32.630001,7400,29.09519
2007-11-21,32.419998,33.02,32.41,32.939999,9100,29.37161
2007-11-23,33.450001,34.240002,33.450001,34.240002,3600,30.53078
2007-11-26,34.080002,34.23,32.810001,32.810001,8700,29.25569
2007-11-27,32.84,33.650002,32.00,33.189999,5000,29.59453
2007-11-28,34.139999,34.91,33.889999,34.68,9900,30.92312
2007-11-29,34.299999,34.830002,34.299999,34.419998,3200,30.69128
2007-11-30,34.849998,35.57,33.619999,33.830002,12600,30.16520
2007-12-03,32.950001,33.060001,31.82,31.959999,20800,28.49777
2007-12-04,32.18,32.18,31.10,31.459999,16800,28.05194
2007-12-05,31.809999,31.809999,30.50,30.90,12300,27.55260
2007-12-06,30.309999,32.57,30.309999,32.57,20400,29.04169
2007-12-07,32.220001,33.330002,32.220001,33.150002,17600,29.55886
2007-12-10,33.02,33.130001,31.940001,33.060001,5400,29.47861
2007-12-11,33.130001,34.349998,33.130001,33.189999,2300,29.59453
2007-12-12,33.950001,34.490002,31.969999,32.209999,6500,28.72069
2007-12-13,31.969999,31.969999,31.24,31.24,8700,27.85577
2007-12-14,30.969999,31.280001,30.18,30.18,9100,26.91060
2007-12-17,30.07,30.34,29.610001,29.959999,6600,26.71443
2007-12-18,30.379999,31.719999,30.00,31.719999,5500,28.28377
2007-12-19,31.879999,33.150002,30.77,32.959999,12100,29.38944
2007-12-20,33.00,33.00,32.049999,32.75,9200,29.20219
2007-12-21,33.330002,35.59,32.380001,35.59,42400,31.73454
2007-12-24,35.73,36.959999,35.380001,36.669998,10500,32.69754
2007-12-26,36.310001,38.73,36.310001,38.73,12600,34.53438
2007-12-27,38.330002,38.450001,37.610001,37.959999,8400,33.84779
2007-12-28,37.009998,38.549999,37.009998,38.400002,17300,34.24013
2007-12-31,38.290001,38.419998,37.639999,37.919998,7700,33.81213
2008-01-02,37.779999,37.779999,34.869999,35.52,13400,31.67212
2008-01-03,35.66,38.00,35.09,35.349998,8000,31.52053
2008-01-04,34.310001,35.470001,33.119999,33.279999,6200,29.84362
2008-01-07,33.509998,35.900002,32.419998,35.740002,12700,32.0496
2008-01-08,35.84,36.450001,34.41,34.84,14100,31.24254
2008-01-09,34.490002,36.32,33.110001,34.34,10000,30.79417
2008-01-10,33.48,35.75,33.48,35.540001,4100,31.8702
2008-01-11,34.830002,35.700001,32.900002,32.900002,8800,29.50286
2008-01-14,32.919998,34.610001,32.919998,34.049999,4500,30.53412
2008-01-15,33.509998,34.759998,32.720001,33.549999,5300,30.08574
2008-01-16,33.290001,34.209999,32.009998,34.189999,12400,30.65966
2008-01-17,34.209999,34.209999,31.42,31.559999,7100,28.30122
2008-01-18,31.42,31.43,29.35,29.959999,11600,26.86643
2008-01-22,28.709999,32.43,24.76,31.35,8300,28.11291
2008-01-23,30.68,33.669998,30.00,33.669998,12900,30.19335
2008-01-24,33.799999,34.209999,30.48,34.00,7100,30.48928
2008-01-25,34.00,34.00,31.60,31.60,6400,28.337
2008-01-28,31.60,33.990002,31.60,33.98,8000,30.47134
2008-01-29,33.939999,33.939999,30.799999,31.879999,11800,28.58818
2008-01-30,31.639999,32.16,29.440001,31.120001,16800,27.90666
2008-01-31,31.09,31.879999,30.040001,31.780001,12600,28.49851
2008-02-01,32.509998,32.509998,29.620001,30.32,11100,27.18926
2008-02-04,30.360001,31.51,30.35,30.99,7800,27.79008
2008-02-05,30.41,30.58,28.559999,29.00,8900,26.00556
2008-02-06,29.200001,29.93,28.639999,28.91,7000,25.92485
2008-02-07,28.92,30.00,28.50,29.83,10400,26.74986
2008-02-08,29.709999,30.190001,29.110001,29.91,3600,26.82160
2008-02-11,29.860001,29.860001,28.32,28.35,13500,25.42268
2008-02-12,28.35,28.57,27.719999,28.57,10800,25.61996
2008-02-13,29.25,29.25,28.57,28.74,10300,25.77241
2008-02-14,28.540001,28.540001,27.620001,27.620001,14400,24.76806
2008-02-15,27.52,28.440001,25.68,26.00,22200,23.31533
2008-02-19,26.40,27.52,24.52,24.75,18000,22.19440
2008-02-20,24.50,24.58,24.16,24.379999,63800,21.8626
2008-02-21,24.59,25.459999,24.59,25.299999,17400,22.68761
2008-02-22,25.209999,26.32,25.209999,26.07,5400,23.37810
2008-02-25,26.42,27.17,25.629999,26.84,6200,24.068
2008-02-26,26.73,26.969999,25.60,26.73,7900,23.96995
2008-02-27,26.42,27.00,26.26,26.709999,3400,23.95202
2008-02-28,26.940001,27.10,24.93,26.700001,13400,23.94305
2008-02-29,26.01,26.209999,24.209999,25.40,15700,22.77728
2008-03-03,25.309999,25.32,24.15,24.370001,6300,21.85364
2008-03-04,24.200001,24.309999,23.67,24.15,7900,21.65635
2008-03-05,25.10,26.00,24.360001,25.75,10100,23.09114
2008-03-06,25.57,25.57,23.969999,25.42,13000,22.79522
2008-03-07,25.200001,25.360001,24.73,25.00,9000,22.41859
2008-03-10,24.99,25.15,24.75,24.75,6000,22.19440
2008-03-11,25.459999,25.620001,25.00,25.620001,17100,22.97457
2008-03-12,25.66,26.190001,24.75,24.85,12300,22.2840
2008-03-13,24.700001,25.98,24.700001,25.50,10000,22.86696
2008-03-14,25.10,25.299999,25.00,25.09,4900,22.49929
2008-03-17,24.58,26.50,23.209999,25.43,8500,22.80419
2008-03-18,25.99,28.00,24.76,27.99,10000,25.09985
2008-03-19,27.77,28.90,27.040001,27.040001,12400,24.24794
2008-03-20,27.620001,28.10,26.09,26.25,55300,23.53952
2008-03-24,26.40,27.629999,24.76,27.530001,10300,24.68735
2008-03-25,28.09,28.809999,27.809999,28.809999,5600,25.83518
2008-03-26,28.940001,29.040001,27.950001,29.040001,8900,26.04143
2008-03-27,29.15,29.15,27.48,27.950001,11500,25.06398
2008-03-28,27.940001,28.33,26.219999,27.50,4500,24.66045
2008-03-31,27.719999,27.719999,26.559999,27.549999,4100,24.70528
2008-04-01,28.40,28.48,26.73,27.809999,4100,24.93844
2008-04-02,27.84,29.389999,27.84,29.299999,4600,26.27458
2008-04-03,29.01,29.01,24.76,28.90,4400,25.91589
2008-04-04,28.870001,29.030001,27.82,29.030001,2000,26.21387
2008-04-07,29.00,29.00,26.219999,27.610001,5100,24.9316
2008-04-08,27.50,28.24,26.719999,28.00,8300,25.28379
2008-04-09,28.00,28.00,26.120001,26.120001,4300,23.58617
2008-04-10,26.059999,28.59,25.17,27.77,5000,25.07610
2008-04-11,27.389999,27.700001,24.889999,24.940001,15100,22.52063
2008-04-14,24.84,26.74,24.540001,25.719999,11100,23.22497
2008-04-15,25.82,26.26,24.76,25.709999,5500,23.21594
2008-04-16,25.959999,27.77,25.959999,27.52,17700,24.8503
2008-04-17,27.889999,27.889999,26.969999,26.969999,1600,24.35371
2008-04-18,27.450001,28.389999,26.50,28.389999,6100,25.63596
2008-04-21,28.25,28.969999,27.73,28.73,5900,25.94298
2008-04-22,28.65,28.65,25.50,25.790001,7800,23.28818
2008-04-23,26.01,26.01,24.93,25.219999,14000,22.77347
2008-04-24,25.25,26.98,25.25,26.50,7200,23.92930
2008-04-25,26.49,26.690001,25.360001,26.52,3000,23.94736
2008-04-28,26.889999,27.370001,25.65,26.120001,5200,23.58617
2008-04-29,26.200001,26.200001,25.00,25.09,7400,22.65608
2008-04-30,25.950001,25.950001,25.01,25.379999,7900,22.91795
2008-05-01,26.209999,26.35,25.440001,25.610001,9100,23.12564
2008-05-02,26.00,26.00,24.870001,25.24,33300,22.79153
2008-05-05,25.18,25.959999,25.120001,25.65,10600,23.16176
2008-05-06,25.549999,25.959999,25.450001,25.51,6600,23.03534
2008-05-07,25.67,25.98,24.50,24.700001,7400,22.30392
2008-05-08,24.51,25.49,24.51,25.139999,16000,22.70123
2008-05-09,24.889999,25.24,24.51,25.030001,6500,22.60190
2008-05-12,25.16,25.530001,25.00,25.530001,4800,23.05340
2008-05-13,25.50,25.50,24.51,25.49,11800,23.01728
2008-05-14,25.48,25.50,24.57,25.07,14200,22.63802
2008-05-15,24.780001,25.66,24.75,25.459999,21900,22.99019
2008-05-16,25.559999,25.700001,25.40,25.700001,12700,23.20691
2008-05-19,25.74,25.76,25.00,25.75,9700,23.25206
2008-05-20,24.549999,26.110001,24.549999,26.110001,17200,23.57714
2008-05-21,26.209999,26.51,25.280001,25.58,16400,23.09855
2008-05-22,25.610001,26.25,25.50,25.82,12900,23.31527
2008-05-23,25.65,26.00,25.030001,25.049999,4200,22.61996
2008-05-27,25.030001,25.209999,24.00,24.84,12200,22.43033
2008-05-28,25.030001,25.84,25.01,25.290001,4700,22.83668
2008-05-29,25.16,25.75,25.110001,25.219999,12400,22.77347
2008-05-30,25.16,26.00,24.389999,25.99,25700,23.46878
2008-06-02,25.99,25.99,25.030001,25.51,6400,23.03534
2008-06-03,25.629999,25.99,24.76,25.290001,6000,22.83668
2008-06-04,25.50,25.50,24.82,25.50,8600,23.02631
2008-06-05,25.450001,26.60,25.450001,26.60,10400,24.01960
2008-06-06,26.26,26.26,24.76,24.76,10000,22.358
2008-06-09,24.90,26.379999,24.75,25.559999,15200,23.08049
2008-06-10,25.440001,25.610001,24.809999,24.940001,3600,22.52063
2008-06-11,24.92,25.00,24.50,24.50,13600,22.12332
2008-06-12,24.50,25.15,24.50,25.00,5800,22.57481
2008-06-13,25.32,25.49,24.52,25.219999,3300,22.77347
2008-06-16,25.219999,26.24,24.90,25.00,16700,22.57481
2008-06-17,24.98,25.889999,24.98,25.209999,2200,22.76444
2008-06-18,25.280001,25.43,24.50,25.43,12500,22.96310
2008-06-19,25.32,25.74,24.51,25.57,10600,23.08952
2008-06-20,25.25,25.73,24.73,25.209999,30500,22.76444
2008-06-23,25.450001,25.450001,24.41,24.889999,7400,22.47548
2008-06-24,24.73,24.73,24.00,24.58,5500,22.19556
2008-06-25,24.74,25.459999,24.74,24.940001,3600,22.52063
2008-06-26,24.73,25.25,24.50,24.51,4600,22.13235
2008-06-27,24.540001,24.68,23.77,24.450001,96400,22.25981
2008-06-30,24.540001,25.49,24.540001,24.780001,14300,22.56025
2008-07-01,24.58,25.66,23.90,24.799999,13900,22.57845
2008-07-02,24.74,25.01,24.190001,24.77,11600,22.55114
2008-07-03,24.959999,25.26,24.309999,25.00,6000,22.76054
2008-07-07,25.18,26.25,24.540001,25.16,10400,22.90621
2008-07-08,25.450001,26.75,24.57,26.719999,14600,24.32646
2008-07-09,26.68,27.629999,24.950001,26.059999,22000,23.7255
2008-07-10,26.08,26.360001,25.360001,26.360001,4100,23.99871
2008-07-11,26.25,27.379999,25.59,27.379999,13000,24.92734
2008-07-14,27.60,27.610001,25.34,26.99,11200,24.57228
2008-07-15,27.120001,28.35,26.110001,27.799999,20100,25.30972
2008-07-16,28.360001,28.59,26.40,28.59,42200,26.02895
2008-07-17,28.700001,29.870001,28.00,29.690001,13800,27.03042
2008-07-18,29.799999,30.309999,29.799999,30.120001,5500,27.42190
2008-07-21,30.01,30.290001,28.74,29.41,8000,26.77550
2008-07-22,28.790001,32.299999,28.559999,32.299999,20100,29.40662
2008-07-23,32.060001,33.099998,29.93,32.939999,16500,29.98929
2008-07-24,33.07,33.07,31.08,31.709999,6800,28.86947
2008-07-25,32.349998,32.720001,31.26,31.92,7600,29.06066
2008-07-28,32.00,32.00,31.01,31.57,5700,28.74201
2008-07-29,32.00,32.689999,31.57,32.66,12600,29.73437
2008-07-30,32.650002,32.650002,28.84,30.00,17200,27.31265
2008-07-31,29.75,30.459999,28.049999,29.32,8500,26.69356
2008-08-01,28.40,30.469999,28.01,28.83,15100,26.24745
2008-08-04,27.82,29.370001,26.889999,29.370001,12700,26.73908
2008-08-05,29.49,31.690001,28.49,31.129999,9200,28.34142
2008-08-06,30.889999,32.259998,28.73,31.98,9100,29.11528
2008-08-07,31.85,31.85,29.209999,29.790001,11900,27.12146
2008-08-08,29.35,31.92,29.35,31.879999,9700,29.02424
2008-08-11,31.879999,34.50,29.030001,34.450001,13000,31.36402
2008-08-12,34.150002,34.150002,30.41,31.27,17600,28.46888
2008-08-13,31.08,33.389999,31.08,32.009998,10900,29.14259
2008-08-14,31.799999,34.919998,31.00,32.970001,10100,30.01660
2008-08-15,33.799999,34.00,32.130001,33.459999,21100,30.4627
2008-08-18,33.360001,34.689999,31.85,34.209999,12200,31.14552
2008-08-19,34.049999,34.43,33.509998,33.900002,7400,30.86329
2008-08-20,33.880001,34.299999,33.669998,33.869999,11200,30.83598
2008-08-21,33.630001,34.080002,33.439999,34.080002,2400,31.02717
2008-08-22,34.09,35.00,34.00,35.00,5300,31.86476
2008-08-25,34.75,34.950001,33.490002,33.73,11200,30.70852
2008-08-26,33.16,33.650002,31.799999,33.310001,6900,30.32614
2008-08-27,33.189999,33.189999,30.690001,30.90,7100,28.13203
2008-08-28,31.030001,31.389999,29.969999,30.26,10000,27.54936
2008-08-29,30.48,31.040001,29.65,30.120001,10900,27.42190
2008-09-02,30.360001,30.450001,28.34,28.59,10900,26.02895
2008-09-03,28.50,29.58,27.860001,28.889999,12100,26.30208
2008-09-04,28.75,29.33,26.709999,27.15,21100,24.7179
2008-09-05,27.82,28.799999,27.790001,28.48,4000,25.9288
2008-09-08,28.77,31.809999,28.77,31.809999,13800,28.96051
2008-09-09,31.719999,33.860001,31.48,33.349998,18600,30.36256
2008-09-10,33.68,34.389999,33.060001,33.970001,16100,30.92702
2008-09-11,33.509998,34.060001,33.509998,34.060001,12800,31.00896
2008-09-12,34.080002,34.080002,32.279999,33.57,7800,30.56285
2008-09-15,33.459999,34.400002,31.469999,32.91,7200,29.96197
2008-09-16,33.049999,38.490002,31.309999,38.490002,21100,35.04213
2008-09-17,37.959999,37.959999,35.02,35.23,20400,32.07415
2008-09-18,35.810001,36.470001,33.880001,36.240002,31400,32.99368
2008-09-19,36.529999,37.240002,34.009998,36.400002,62600,33.13935
2008-09-22,36.029999,36.75,34.650002,35.189999,20200,32.03773
2008-09-23,35.16,36.75,35.040001,35.830002,7100,32.62041
2008-09-24,35.200001,35.830002,34.32,34.32,10100,31.24567
2008-09-25,34.330002,35.310001,33.43,34.32,24500,31.24567
2008-09-26,34.169998,34.66,32.73,33.240002,7600,30.43980
2008-09-29,32.669998,32.82,27.129999,29.24,13000,26.77677
2008-09-30,29.68,29.68,27.360001,27.65,29400,25.32071
2008-10-01,27.780001,29.09,26.200001,26.99,18700,24.71631
2008-10-02,26.879999,27.98,25.93,26.18,9600,23.97455
2008-10-03,26.52,27.540001,26.52,27.540001,5200,25.21998
2008-10-06,27.26,29.860001,27.00,27.040001,13200,24.76210
2008-10-07,27.639999,27.639999,24.17,24.17,7700,22.13387
2008-10-08,23.98,29.969999,23.559999,28.049999,12500,25.6870
2008-10-09,28.629999,30.00,20.940001,21.26,17100,19.46902
2008-10-10,20.129999,24.99,18.51,24.02,33700,21.99651
2008-10-13,24.950001,24.950001,22.559999,24.48,20000,22.41776
2008-10-14,24.49,26.219999,24.459999,24.530001,13000,22.46355
2008-10-15,24.469999,24.49,23.18,23.18,13800,21.22727
2008-10-16,23.219999,26.459999,23.01,26.129999,18900,23.92876
2008-10-17,24.99,29.049999,24.10,25.01,39600,22.90311
2008-10-20,25.209999,27.870001,24.190001,26.66,11600,24.41411
2008-10-21,26.33,29.129999,26.290001,27.940001,21700,25.58628
2008-10-22,27.209999,27.799999,26.040001,26.040001,6900,23.84634
2008-10-23,26.27,26.530001,24.860001,25.639999,6700,23.48004
2008-10-24,23.26,24.50,22.200001,23.01,6800,21.07159
2008-10-27,22.67,22.959999,20.040001,21.280001,6700,19.48733
2008-10-28,21.280001,22.18,21.10,21.440001,14300,19.63385
2008-10-29,21.73,25.030001,21.73,23.15,6000,21.19980
2008-10-30,24.379999,27.389999,23.33,26.08,8400,23.88297
2008-10-31,25.620001,29.799999,25.620001,29.799999,10200,27.28959
2008-11-03,29.389999,32.099998,29.34,31.50,7400,28.84638
2008-11-04,31.360001,31.799999,28.860001,28.870001,11600,26.43794
2008-11-05,28.299999,28.299999,22.01,22.83,23300,20.90676
2008-11-06,21.74,23.49,18.10,19.049999,84300,17.44519
2008-11-07,19.15,22.50,17.51,20.719999,66700,18.97451
2008-11-10,21.360001,21.360001,18.73,19.459999,27100,17.82065
2008-11-11,19.25,20.450001,18.709999,20.299999,19600,18.58989
2008-11-12,19.879999,20.40,17.610001,17.610001,11300,16.12650
2008-11-13,17.76,21.10,17.76,21.10,14000,19.32250
2008-11-14,20.68,21.15,18.290001,18.719999,11700,17.14299
2008-11-17,18.549999,18.90,17.889999,18.40,3200,16.84995
2008-11-18,18.07,19.00,16.26,17.620001,17700,16.13566
2008-11-19,17.559999,17.940001,16.639999,16.639999,18800,15.23821
2008-11-20,15.42,16.93,14.90,15.27,32700,13.9836
2008-11-21,15.42,16.73,11.81,15.21,47700,13.92868
2008-11-24,15.43,20.790001,14.03,20.629999,41400,18.89209
2008-11-25,20.82,20.969999,19.07,20.00,23600,18.31516
2008-11-26,19.32,22.709999,19.02,22.43,15500,20.54045
2008-11-28,22.610001,22.85,20.84,22.83,4500,20.90676
2008-12-01,21.99,23.040001,16.389999,16.74,20200,15.32979
2008-12-02,17.219999,19.27,16.77,18.82,15200,17.23457
2008-12-03,18.25,19.280001,16.77,17.879999,40700,16.37375
2008-12-04,17.620001,19.09,17.620001,18.65,10000,17.07889
2008-12-05,18.299999,19.57,17.84,18.98,12800,17.38109
2008-12-08,19.98,20.48,18.15,20.24,28400,18.53494
2008-12-09,20.030001,21.549999,18.77,19.57,18600,17.9213
2008-12-10,19.83,19.83,18.139999,18.559999,20200,16.99647
2008-12-11,18.200001,19.00,17.959999,18.709999,16600,17.13383
2008-12-12,18.26,19.25,18.02,19.25,11200,17.62834
2008-12-15,18.99,19.00,18.01,18.129999,11700,16.60269
2008-12-16,18.469999,19.190001,17.379999,19.00,24600,17.39940
2008-12-17,19.700001,19.709999,18.66,19.48,15400,17.83897
2008-12-18,19.469999,21.10,18.459999,20.99,7900,19.22176
2008-12-19,21.780001,22.50,19.620001,20.82,43700,19.06608
2008-12-22,20.799999,21.360001,18.709999,20.68,20200,18.93788
2008-12-23,20.959999,21.52,20.040001,20.41,7800,18.69062
2008-12-24,20.870001,20.92,20.120001,20.92,3100,19.15766
2008-12-26,20.93,22.59,20.93,22.59,4100,20.6869
2008-12-29,22.26,22.26,20.57,20.99,17000,19.22176
2008-12-30,21.34,22.25,20.549999,22.25,7100,20.37562
2008-12-31,22.290001,22.85,21.940001,22.85,8700,20.92507
2009-01-02,23.200001,24.01,22.540001,23.790001,12600,21.97826
2009-01-05,23.84,24.83,23.16,24.610001,9600,22.73581
2009-01-06,24.85,26.68,24.469999,26.49,11500,24.47264
2009-01-07,25.58,26.18,23.790001,23.879999,30900,22.06140
2009-01-08,24.120001,24.60,23.139999,24.540001,8500,22.67114
2009-01-09,24.549999,24.790001,22.33,22.719999,35600,20.98974
2009-01-12,23.129999,23.40,21.110001,21.35,26600,19.72408
2009-01-13,21.23,22.50,20.50,20.93,19300,19.33606
2009-01-14,20.870001,23.360001,20.75,22.809999,30500,21.07289
2009-01-15,23.01,23.040001,21.290001,22.41,34700,20.70335
2009-01-16,22.370001,22.709999,21.10,22.15,21900,20.46315
2009-01-20,21.809999,22.50,20.360001,20.75,16700,19.16977
2009-01-21,21.24,21.24,19.049999,21.23,10900,19.61321
2009-01-22,20.68,21.780001,19.299999,19.620001,12000,18.1258
2009-01-23,19.10,19.98,18.83,18.83,12300,17.39599
2009-01-26,19.01,22.540001,19.01,21.66,12900,20.01047
2009-01-27,21.67,23.780001,21.67,23.299999,16000,21.52557
2009-01-28,23.940001,24.469999,22.59,23.82,32300,22.00597
2009-01-29,22.610001,23.82,21.40,21.51,13100,19.87189
2009-01-30,21.66,21.66,19.00,19.120001,17500,17.66390
2009-02-02,19.15,22.24,19.15,21.860001,23300,20.19524
2009-02-03,22.059999,22.889999,21.27,22.450001,20600,20.7403
2009-02-04,22.51,22.879999,21.469999,22.139999,6700,20.45391
2009-02-05,22.01,22.01,21.00,21.639999,14200,19.99199
2009-02-06,21.540001,24.25,20.91,24.25,10600,22.4032
2009-02-09,24.09,24.09,22.66,23.459999,10300,21.67339
2009-02-10,23.32,23.99,21.16,21.16,11500,19.5485
2009-02-11,20.559999,22.25,20.559999,21.68,6800,20.02894
2009-02-12,21.389999,22.809999,20.870001,22.440001,5300,20.73107
2009-02-13,22.90,23.15,22.290001,23.139999,3800,21.37776
2009-02-17,22.32,23.10,22.24,22.24,7300,20.54630
2009-02-18,22.809999,22.90,20.32,20.41,36400,18.85566
2009-02-19,20.83,21.43,20.07,20.360001,14300,18.80947
2009-02-20,20.370001,21.15,20.370001,20.60,5700,19.03119
2009-02-23,20.77,20.90,19.16,19.16,11500,17.70086
2009-02-24,19.469999,20.190001,19.00,20.190001,10500,18.65242
2009-02-25,20.00,20.110001,19.450001,19.620001,9700,18.1258
2009-02-26,19.82,19.82,18.51,18.610001,10200,17.19274
2009-02-27,18.27,18.690001,17.209999,17.77,16600,16.41671
2009-03-02,17.57,18.290001,15.25,15.26,13400,14.09786
2009-03-03,15.66,16.34,15.35,15.38,12300,14.20872
2009-03-04,15.77,16.16,15.49,16.16,6000,14.92932
2009-03-05,15.64,16.280001,14.33,14.33,9100,13.23869
2009-03-06,14.53,15.10,13.64,14.25,6200,13.16478
2009-03-09,14.07,14.92,13.57,13.57,11300,12.5365
2009-03-10,14.02,15.03,13.59,14.92,15500,13.7837
2009-03-11,15.09,16.51,13.72,13.81,25900,12.75829
2009-03-12,13.77,15.04,12.52,15.00,14100,13.85766
2009-03-13,14.97,14.97,13.91,14.16,11200,13.08163
2009-03-16,13.92,14.91,13.52,13.68,10200,12.63819
2009-03-17,13.71,14.57,13.42,14.53,13800,13.42346
2009-03-18,14.41,14.75,13.51,14.02,24100,12.95230
2009-03-19,14.23,14.23,13.29,13.49,8500,12.46266
2009-03-20,13.68,14.09,12.74,12.74,14900,11.76977
2009-03-23,13.22,13.50,12.51,13.35,33000,12.33332
2009-03-24,13.20,13.31,12.59,12.86,5600,11.8806
2009-03-25,13.00,13.24,12.03,12.74,33100,11.76977
2009-03-26,12.93,12.94,12.31,12.91,36500,11.92683
2009-03-27,12.52,12.98,12.34,12.56,11000,11.60348
2009-03-30,12.91,13.01,11.90,12.25,15500,11.31709
2009-03-31,12.39,12.46,11.68,12.17,19800,11.24318
2009-04-01,12.01,12.37,12.01,12.05,17500,11.13232
2009-04-02,12.40,12.59,12.17,12.55,46100,11.59424
2009-04-03,12.54,12.95,12.39,12.82,14500,11.87206
2009-04-06,12.61,12.61,11.21,11.88,9000,11.00157
2009-04-07,11.67,12.14,11.51,11.51,7500,10.6589
2009-04-08,11.58,11.92,11.51,11.90,4100,11.02009
2009-04-09,12.19,12.75,12.17,12.38,17600,11.464
2009-04-13,12.18,12.25,11.67,11.75,9400,10.88118
2009-04-14,11.51,11.83,9.96,9.97,15000,9.232
2009-04-15,10.05,10.45,9.96,10.11,26200,9.36244
2009-04-16,10.18,11.24,10.00,11.15,38600,10.32554
2009-04-17,11.19,12.72,10.90,11.93,24300,11.04787
2009-04-20,11.60,11.85,11.31,11.38,19200,10.53854
2009-04-21,11.31,12.42,11.31,11.96,15300,11.07565
2009-04-22,11.77,11.95,11.06,11.40,25000,10.55706
2009-04-23,11.46,11.89,10.92,11.35,7600,10.51076
2009-04-24,11.48,12.49,11.25,11.45,10500,10.60336
2009-04-27,11.38,11.60,11.38,11.41,6000,10.56632
2009-04-28,11.30,11.87,10.98,11.49,21900,10.64040
2009-04-29,11.59,11.89,11.46,11.82,12300,10.94600
2009-04-30,11.94,12.12,10.90,11.48,32200,10.63114
2009-05-01,11.52,12.06,11.30,11.38,16900,10.53854
2009-05-04,11.61,11.75,11.39,11.74,21900,10.87192
2009-05-05,11.65,12.13,11.59,11.59,17500,10.73301
2009-05-06,11.72,12.00,11.64,11.73,27600,10.86266
2009-05-07,11.97,12.04,11.38,11.54,37000,10.68671
2009-05-08,11.77,12.87,11.71,12.01,34000,11.12195
2009-05-11,11.95,11.95,11.42,11.50,21500,10.64966
2009-05-12,11.56,11.56,10.74,11.26,17600,10.42741
2009-05-13,11.35,11.40,11.07,11.32,18500,10.48297
2009-05-14,11.35,11.49,11.10,11.49,5200,10.64040
2009-05-15,11.40,11.50,11.09,11.21,28400,10.38111
2009-05-18,11.21,11.69,11.21,11.42,20100,10.57558
2009-05-19,11.50,11.67,11.30,11.47,15000,10.62188
2009-05-20,11.56,11.96,10.63,11.19,29700,10.36259
2009-05-21,11.00,11.14,10.58,11.07,25700,10.25146
2009-05-22,11.13,11.43,10.53,11.00,20500,10.1866
2009-05-26,10.88,12.42,10.63,12.39,16900,11.47386
2009-05-27,12.36,12.36,10.81,11.79,17800,10.91822
2009-05-28,11.85,12.17,11.66,11.78,9900,10.90896
2009-05-29,11.87,12.06,11.17,11.20,29400,10.37185
2009-06-01,11.36,13.88,11.36,13.88,50200,12.85368
2009-06-02,13.88,15.57,13.78,14.86,45100,13.76122
2009-06-03,14.77,15.20,14.02,14.43,11100,13.3630
2009-06-04,14.47,14.87,13.63,14.38,12200,13.31671
2009-06-05,14.62,15.21,14.22,14.81,18900,13.71492
2009-06-08,14.72,15.36,14.67,15.32,15600,14.18721
2009-06-09,15.32,16.57,15.23,16.17,19100,14.97436
2009-06-10,16.18,16.879999,15.95,16.219999,16800,15.02066
2009-06-11,16.23,16.940001,16.07,16.280001,11200,15.07622
2009-06-12,16.15,16.60,16.02,16.139999,7300,14.94657
2009-06-15,15.59,16.219999,14.10,14.25,20600,13.19632
2009-06-16,14.28,14.56,12.87,13.80,12200,12.77960
2009-06-17,13.78,15.34,13.39,14.64,20200,13.55749
2009-06-18,14.57,14.57,13.45,13.99,10800,12.95555
2009-06-19,14.18,14.96,14.08,14.66,24800,13.57601
2009-06-22,14.55,15.17,13.91,14.01,12600,12.97407
2009-06-23,13.72,14.74,12.55,12.93,17900,11.97393
2009-06-24,12.59,13.63,12.09,13.19,10700,12.21470
2009-06-25,13.09,13.39,12.95,13.16,7000,12.18692
2009-06-26,13.05,13.98,12.84,13.68,84300,12.66847
2009-06-29,13.51,14.08,13.36,13.63,9600,12.62217
2009-06-30,13.65,14.35,13.24,14.21,9400,13.15928
2009-07-01,14.30,14.76,12.86,14.76,13300,13.66861
2009-07-02,14.50,14.50,12.73,13.00,17600,12.03875
2009-07-06,12.98,13.28,11.97,12.36,9600,11.47255
2009-07-07,12.41,13.07,12.14,12.31,8600,11.42614
2009-07-08,12.44,12.92,11.97,11.97,24900,11.11055
2009-07-09,12.06,12.96,11.97,12.10,15700,11.23122
2009-07-10,12.04,12.05,11.75,11.96,2600,11.10127
2009-07-13,11.72,12.06,11.58,12.05,30900,11.18481
2009-07-14,11.95,12.63,11.70,12.51,26500,11.61178
2009-07-15,12.71,13.74,12.12,13.74,14600,12.7534
2009-07-16,13.49,14.19,13.21,14.11,8900,13.09690
2009-07-17,14.15,14.15,13.38,13.87,5300,12.87413
2009-07-20,14.30,14.73,13.88,14.60,13500,13.55172
2009-07-21,14.66,15.82,14.36,14.87,7400,13.80233
2009-07-22,14.79,15.12,13.68,14.49,8300,13.4496
2009-07-23,14.43,15.93,14.14,15.66,37800,14.53561
2009-07-24,15.44,15.96,14.86,15.78,20200,14.64699
2009-07-27,15.94,15.94,14.98,15.46,10000,14.34997
2009-07-28,15.33,15.74,14.34,14.97,14500,13.89515
2009-07-29,14.99,14.99,13.60,14.65,18000,13.59813
2009-07-30,15.09,17.00,15.01,16.870001,63200,15.65873
2009-07-31,16.709999,16.90,16.309999,16.799999,26500,15.59376
2009-08-03,16.799999,17.209999,16.41,17.16,15700,15.92791
2009-08-04,17.299999,17.450001,16.41,17.01,7800,15.78868
2009-08-05,17.02,17.34,15.68,15.92,19400,14.77694
2009-08-06,16.51,16.75,15.84,15.97,24100,14.82335
2009-08-07,16.370001,17.41,16.030001,16.950001,14900,15.73299
2009-08-10,16.75,17.98,16.370001,17.280001,36700,16.039
2009-08-11,17.24,17.67,16.469999,16.91,22100,15.69586
2009-08-12,17.41,17.700001,16.84,17.530001,23900,16.2713
2009-08-13,17.59,17.82,17.00,17.82,8500,16.54052
2009-08-14,17.709999,18.00,16.379999,17.25,7400,16.01145
2009-08-17,16.77,17.370001,16.48,17.219999,16300,15.98360
2009-08-18,17.299999,17.73,16.459999,17.49,4600,16.23422
2009-08-19,17.85,18.389999,17.00,18.35,8700,17.03247
2009-08-20,18.35,19.200001,18.309999,18.940001,5300,17.58011
2009-08-21,19.52,19.780001,18.559999,19.48,20900,18.08133
2009-08-24,19.49,19.870001,18.32,19.030001,2800,17.6636
2009-08-25,19.139999,19.33,18.379999,19.33,3600,17.9421
2009-08-26,19.24,19.93,18.65,19.299999,38800,17.91426
2009-08-27,19.139999,19.93,18.040001,19.040001,85900,17.67293
2009-08-28,19.26,19.49,18.299999,18.639999,25100,17.30165
2009-08-31,18.459999,18.66,17.870001,18.08,20800,16.78185
2009-09-01,17.98,19.07,15.49,15.97,38100,14.82335
2009-09-02,15.99,16.90,15.85,16.219999,8600,15.05540
2009-09-03,16.280001,17.27,15.20,17.08,80200,15.85365
2009-09-04,16.870001,16.98,15.70,16.879999,95700,15.66801
2009-09-08,16.190001,17.77,16.030001,17.73,16500,16.45698
2009-09-09,17.73,18.610001,17.10,18.32,10200,17.00462
2009-09-10,17.84,18.00,16.879999,17.57,23200,16.30847
2009-09-11,17.549999,18.07,17.35,17.93,6800,16.6426
2009-09-14,17.700001,18.190001,16.90,17.84,7300,16.55909
2009-09-15,17.73,17.73,16.969999,17.65,27100,16.38273
2009-09-16,17.280001,17.860001,17.27,17.450001,3900,16.19709
2009-09-17,17.82,18.00,17.559999,17.92,5700,16.63334
2009-09-18,17.879999,18.110001,17.33,17.629999,34800,16.36416
2009-09-21,17.709999,17.709999,17.530001,17.58,2600,16.31775
2009-09-22,17.299999,17.58,16.85,17.040001,14600,15.81653
2009-09-23,17.43,17.58,17.059999,17.16,7600,15.92791
2009-09-24,17.309999,17.780001,16.799999,17.639999,64000,16.37345
2009-09-25,17.530001,17.879999,17.09,17.719999,25900,16.50384
2009-09-28,17.940001,18.309999,17.08,17.92,20300,16.69011
2009-09-29,17.99,18.219999,17.60,17.610001,13400,16.40139
2009-09-30,17.68,17.790001,16.969999,17.41,41400,16.21511
2009-10-01,17.33,17.73,17.040001,17.129999,15300,15.95433
2009-10-02,17.059999,17.76,16.559999,17.559999,19200,16.35482
2009-10-05,17.65,18.32,17.309999,17.620001,23000,16.41070
2009-10-06,17.83,17.83,17.27,17.780001,8100,16.55972
2009-10-07,17.68,18.27,17.32,18.10,13600,16.85776
2009-10-08,18.34,18.34,17.719999,17.82,20000,16.59697
2009-10-09,17.790001,18.23,17.360001,17.57,27100,16.36413
2009-10-12,17.33,17.67,17.110001,17.57,27700,16.36413
2009-10-13,17.49,17.85,17.459999,17.82,17600,16.59697
2009-10-14,17.50,18.24,17.50,18.200001,41300,16.950
2009-10-15,18.110001,19.700001,17.790001,19.629999,79800,18.28275
2009-10-16,19.469999,20.33,19.129999,20.01,36500,18.63667
2009-10-19,20.08,20.41,19.559999,19.709999,17200,18.35726
2009-10-20,19.809999,19.959999,19.129999,19.129999,7700,17.81707
2009-10-21,19.15,19.57,18.690001,18.73,20500,17.44452
2009-10-22,18.809999,19.48,18.35,19.120001,30100,17.80775
2009-10-23,19.120001,19.34,18.51,18.58,11000,17.30481
2009-10-26,18.549999,19.00,17.51,17.700001,8400,16.48521
2009-10-27,17.549999,18.389999,17.549999,17.67,8500,16.45727
2009-10-28,17.549999,17.549999,16.90,16.90,11400,15.74012
2009-10-29,17.27,17.700001,16.82,17.00,15000,15.83325
2009-10-30,16.85,17.01,14.94,15.55,23400,14.48277
2009-11-02,15.65,16.49,15.65,16.110001,9900,15.00434
2009-11-03,15.99,16.389999,14.98,15.36,5600,14.30581
2009-11-04,15.52,15.53,14.42,14.58,11300,13.57934
2009-11-05,14.76,14.76,14.05,14.23,7300,13.25336
2009-11-06,14.07,14.86,13.89,14.43,5300,13.43964
2009-11-09,14.48,15.06,14.25,14.92,21700,13.89601
2009-11-10,14.84,15.39,14.50,14.87,18400,13.84944
2009-11-11,15.07,15.08,14.49,14.72,6200,13.70973
2009-11-12,14.64,15.01,14.14,14.14,14500,13.16954
2009-11-13,14.00,15.08,13.81,14.64,13500,13.63522
2009-11-16,14.77,16.299999,14.77,15.90,45700,14.80875
2009-11-17,15.85,16.290001,15.78,15.94,11600,14.84600
2009-11-18,15.98,16.17,14.74,15.95,4900,14.85532
2009-11-19,15.81,15.96,15.12,15.36,11500,14.30581
2009-11-20,15.29,15.61,14.16,15.00,21300,13.97052
2009-11-23,15.77,15.83,14.34,14.65,42800,13.64454
2009-11-24,14.71,15.03,14.20,14.71,13200,13.70042
2009-11-25,14.71,14.79,13.77,14.26,21600,13.28130
2009-11-27,13.66,14.66,13.57,13.66,6400,12.72248
2009-11-30,13.60,14.55,12.75,14.35,37000,13.36513
2009-12-01,14.58,15.05,14.08,14.48,10000,13.4862
2009-12-02,14.45,14.79,14.12,14.40,3600,13.411
2009-12-03,14.52,14.90,13.41,14.43,5000,13.43964
2009-12-04,14.75,15.22,14.14,15.18,15500,14.13816
2009-12-07,15.18,17.370001,14.70,16.889999,20700,15.73080
2009-12-08,16.700001,17.120001,16.48,16.60,9800,15.46071
2009-12-09,16.24,17.299999,16.049999,16.709999,19700,15.5631
2009-12-10,16.799999,17.27,16.280001,16.290001,5700,15.17198
2009-12-11,16.450001,16.82,16.299999,16.530001,6400,15.39551
2009-12-14,16.629999,16.85,16.110001,16.73,14000,15.58178
2009-12-15,16.719999,16.940001,15.81,15.81,19400,14.7249
2009-12-16,16.030001,16.709999,16.01,16.51,10700,15.37688
2009-12-17,16.120001,16.530001,16.09,16.42,10900,15.29306
2009-12-18,16.780001,18.280001,16.120001,17.799999,86800,16.57835
2009-12-21,17.870001,18.32,16.950001,17.68,31000,16.46658
2009-12-22,18.00,18.65,17.639999,17.65,13100,16.43864
2009-12-23,17.74,18.309999,16.780001,17.51,10900,16.30825
2009-12-24,17.540001,18.049999,17.540001,18.049999,1700,16.81119
2009-12-28,18.049999,18.110001,17.76,18.110001,7600,16.86707
2009-12-29,18.139999,18.139999,17.10,17.790001,9500,16.5690
2009-12-30,17.690001,18.60,17.35,18.17,16500,16.92295
2009-12-31,18.10,18.190001,17.610001,17.65,5600,16.49310
2010-01-04,17.879999,18.27,17.67,18.02,17800,16.83885
2010-01-05,18.07,18.07,17.76,17.76,7200,16.59589
2010-01-06,17.77,17.969999,17.43,17.459999,8700,16.31556
2010-01-07,17.450001,17.780001,17.24,17.57,10000,16.41835
2010-01-08,17.42,17.459999,17.110001,17.23,7500,16.10063
2010-01-11,17.26,17.299999,16.60,16.639999,6300,15.5493
2010-01-12,16.540001,16.540001,16.09,16.290001,22300,15.22225
2010-01-13,16.440001,16.469999,16.27,16.33,2600,15.2596
2010-01-14,16.200001,16.76,16.200001,16.49,5600,15.40914
2010-01-15,16.629999,16.74,16.25,16.52,25500,15.43717
2010-01-19,16.48,17.48,16.219999,16.940001,54800,15.82964
2010-01-20,16.82,16.82,16.48,16.60,38000,15.51193
2010-01-21,16.58,16.58,16.08,16.41,14800,15.33438
2010-01-22,16.35,16.65,16.129999,16.41,12900,15.33438
2010-01-25,16.50,17.15,16.41,16.889999,7700,15.78292
2010-01-26,16.780001,16.82,16.43,16.450001,5700,15.37176
2010-01-27,16.40,16.73,16.40,16.610001,6600,15.52127
2010-01-28,16.50,17.280001,16.42,16.870001,23200,15.76423
2010-01-29,16.870001,16.870001,16.040001,16.15,36300,15.09142
2010-02-01,16.290001,16.41,16.049999,16.33,8200,15.2596
2010-02-02,16.15,16.33,15.90,16.040001,5800,14.9886
2010-02-03,16.00,16.09,15.76,15.76,7200,14.72699
2010-02-04,15.77,16.60,15.30,15.32,12100,14.31583
2010-02-05,15.35,16.74,15.28,16.09,11900,15.03536
2010-02-08,16.059999,16.200001,15.50,15.67,6900,14.64289
2010-02-09,15.86,15.99,15.27,15.47,23700,14.45
2010-02-10,15.88,15.89,15.60,15.66,11800,14.63354
2010-02-11,15.61,16.059999,15.61,16.059999,8400,15.00732
2010-02-12,15.90,16.40,15.90,16.40,4000,15.32504
2010-02-16,16.50,16.76,16.139999,16.370001,8300,15.29700
2010-02-17,16.48,16.74,16.27,16.60,19300,15.51193
2010-02-18,16.58,16.58,15.99,16.27,10800,15.20356
2010-02-19,16.290001,17.139999,16.00,17.10,42400,15.9791
2010-02-22,16.959999,17.24,16.59,17.08,11600,15.96047
2010-02-23,17.09,18.200001,16.76,18.139999,51600,16.95099
2010-02-24,18.219999,18.40,17.629999,17.73,39000,16.56786
2010-02-25,17.48,17.90,17.48,17.90,10200,16.72672
2010-02-26,17.799999,17.889999,17.309999,17.73,12700,16.56786
2010-03-01,17.76,18.00,17.219999,17.75,12600,16.58655
2010-03-02,17.77,17.860001,17.16,17.40,29200,16.25949
2010-03-03,17.33,17.33,16.52,16.58,13200,15.49324
2010-03-04,16.60,17.16,15.77,17.07,47100,15.95112
2010-03-05,17.129999,17.83,16.77,17.440001,47800,16.29687
2010-03-08,17.370001,17.559999,16.93,17.18,46500,16.05391
2010-03-09,16.860001,16.959999,16.129999,16.889999,29000,15.78292
2010-03-10,16.450001,16.709999,16.02,16.530001,40100,15.44652
2010-03-11,16.360001,16.629999,15.90,16.129999,42000,15.07273
2010-03-12,16.139999,16.200001,15.72,15.84,14700,14.80174
2010-03-15,15.86,16.00,15.54,15.98,6600,14.93257
2010-03-16,16.00,16.02,15.76,16.00,12600,14.95126
2010-03-17,16.00,16.25,15.96,16.10,5800,15.04470
2010-03-18,16.040001,16.280001,15.76,15.79,5600,14.75502
2010-03-19,15.79,15.95,15.49,15.77,31500,14.73633
2010-03-22,15.63,16.24,15.47,16.15,26100,15.09142
2010-03-23,16.18,16.18,15.83,15.98,7700,14.93257
2010-03-24,15.94,16.09,15.66,15.79,6800,14.75502
2010-03-25,15.86,16.08,15.42,15.43,10300,14.41862
2010-03-26,15.50,15.69,15.22,15.48,9400,14.46534
2010-03-29,15.50,15.55,15.10,15.35,19800,14.34386
2010-03-30,15.43,16.139999,15.22,16.049999,32900,14.99798
2010-03-31,16.049999,16.209999,15.32,15.47,33700,14.45
2010-04-01,15.52,15.81,14.56,15.10,24400,14.16519
2010-04-05,15.12,16.00,15.00,16.00,31800,15.00947
2010-04-06,15.86,15.96,15.73,15.91,7000,14.92504
2010-04-07,15.85,15.90,15.45,15.73,20300,14.75618
2010-04-08,15.62,15.75,15.25,15.64,12200,14.67176
2010-04-09,15.61,15.61,15.01,15.40,8000,14.44661
2010-04-12,15.43,15.69,15.33,15.50,4500,14.54042
2010-04-13,15.49,15.84,15.41,15.82,6600,14.84061
2010-04-14,15.83,15.83,15.18,15.51,9100,14.5498
2010-04-15,15.33,15.52,15.10,15.52,12200,14.55919
2010-04-16,15.46,15.49,15.02,15.20,10600,14.25900
2010-04-19,15.15,15.34,14.46,14.82,41900,13.90252
2010-04-20,14.86,15.16,14.56,15.16,31500,14.22147
2010-04-21,15.13,15.13,14.70,14.99,19800,14.06200
2010-04-22,14.87,15.33,14.70,15.24,18600,14.29652
2010-04-23,14.80,15.97,14.80,15.97,41600,14.98133
2010-04-26,15.71,16.469999,15.50,16.33,34400,15.31904
2010-04-27,16.24,16.469999,16.129999,16.41,22900,15.39409
2010-04-28,16.110001,16.35,16.01,16.25,19800,15.24399
2010-04-29,16.42,17.309999,15.53,16.85,69200,15.80685
2010-04-30,16.85,16.85,15.97,16.25,61400,15.24399
2010-05-03,16.42,16.48,16.129999,16.40,51100,15.38471
2010-05-04,16.17,16.50,15.79,16.49,40800,15.4691
2010-05-05,16.389999,16.450001,15.61,15.77,20400,14.79371
2010-05-06,15.71,16.08,14.71,14.82,31500,13.90252
2010-05-07,14.86,15.49,13.27,13.29,499700,12.46724
2010-05-10,13.96,14.18,13.45,14.04,34900,13.17081
2010-05-11,13.80,14.13,13.76,14.02,25300,13.15205
2010-05-12,14.00,15.25,13.86,15.24,209600,14.29652
2010-05-13,15.14,15.29,14.86,15.26,18400,14.31528
2010-05-14,15.19,15.23,14.60,14.93,15500,14.00571
2010-05-17,15.05,15.97,15.00,15.84,74800,14.8593
2010-05-18,15.98,15.98,15.49,15.49,17900,14.53104
2010-05-19,15.40,15.40,14.77,14.83,9300,13.91190
2010-05-20,14.51,14.74,13.40,13.51,22300,12.67362
2010-05-21,13.31,13.69,12.70,13.38,62600,12.55167
2010-05-24,13.39,13.78,12.76,13.37,43500,12.54229
2010-05-25,12.82,13.67,12.82,13.60,24600,12.75805
2010-05-26,13.68,14.16,13.55,13.62,99600,12.77681
2010-05-27,13.85,14.13,13.50,13.67,55000,12.88046
2010-05-28,13.41,13.99,13.30,13.77,58900,12.97468
2010-06-01,13.91,14.18,13.58,13.87,49300,13.06891
2010-06-02,13.84,14.10,13.56,13.76,45300,12.96526
2010-06-03,13.36,14.10,13.36,14.00,27300,13.19140
2010-06-04,13.73,13.96,13.08,13.17,43200,12.40934
2010-06-07,13.25,13.90,13.12,13.26,86600,12.49414
2010-06-08,13.68,13.68,12.64,12.68,104000,11.94764
2010-06-09,12.86,13.30,12.79,13.30,39100,12.53183
2010-06-10,13.56,13.61,13.11,13.50,31800,12.72028
2010-06-11,13.42,14.74,13.42,14.52,40500,13.68136
2010-06-14,14.67,15.64,14.45,15.46,35200,14.56707
2010-06-15,15.26,17.16,15.26,16.879999,76700,15.90506
2010-06-16,16.719999,16.91,15.85,16.379999,144300,15.4339
2010-06-17,16.52,17.25,16.18,16.84,30000,15.86737
2010-06-18,16.940001,17.33,16.940001,17.24,33100,16.2442
2010-06-21,17.469999,18.290001,17.43,18.26,45900,17.20535
2010-06-22,18.41,18.59,17.709999,18.02,26800,16.9792
2010-06-23,18.040001,18.879999,18.040001,18.469999,22300,17.40322
2010-06-24,18.27,18.27,17.889999,17.950001,15600,16.91326
2010-06-25,18.02,18.299999,17.790001,17.879999,74800,16.84730
2010-06-28,17.959999,17.959999,17.200001,17.57,39900,16.5552
2010-06-29,17.299999,17.610001,16.450001,16.719999,68700,15.75430
2010-06-30,16.77,17.370001,16.709999,16.98,52100,15.99928
2010-07-01,17.120001,17.440001,15.82,15.85,45800,14.93455
2010-07-02,15.90,15.90,15.08,15.30,30100,14.41631
2010-07-06,15.53,15.53,14.40,14.47,23900,13.63425
2010-07-07,14.48,14.98,14.26,14.89,20500,14.02999
2010-07-08,15.03,15.45,14.94,15.41,46800,14.51996
2010-07-09,15.30,15.55,14.98,15.55,23000,14.65187
2010-07-12,14.92,15.48,14.82,15.29,18700,14.40689
2010-07-13,15.55,16.08,15.32,16.00,27700,15.07588
2010-07-14,15.59,16.15,15.59,16.059999,7700,15.13242
2010-07-15,16.200001,16.219999,15.57,15.65,11100,14.74610
2010-07-16,15.47,15.68,14.74,14.75,26400,13.89808
2010-07-19,14.78,15.23,14.50,14.75,23100,13.89808
2010-07-20,14.54,15.11,14.54,15.07,25600,14.19960
2010-07-21,15.11,15.51,15.10,15.15,23100,14.27498
2010-07-22,15.38,16.41,15.18,16.34,27200,15.39625
2010-07-23,16.040001,18.60,16.040001,18.43,37700,17.3655
2010-07-26,18.50,18.50,16.74,17.49,43900,16.47983
2010-07-27,17.59,18.299999,16.90,17.459999,126300,16.45156
2010-07-28,17.40,18.41,16.40,18.08,111500,17.03575
2010-07-29,18.209999,18.209999,16.91,18.129999,62600,17.08286
2010-07-30,17.870001,18.18,17.59,17.809999,22000,16.78134
2010-08-02,17.26,17.809999,17.110001,17.129999,59200,16.14062
2010-08-03,17.01,17.50,17.01,17.280001,73600,16.2819
2010-08-04,17.34,17.41,17.030001,17.15,24800,16.15946
2010-08-05,17.040001,17.10,16.870001,16.959999,27700,15.98044
2010-08-06,16.76,16.99,16.559999,16.709999,19900,15.7448
2010-08-09,16.50,17.43,16.41,17.07,68600,16.08408
2010-08-10,16.879999,16.879999,16.280001,16.389999,17600,15.44336
2010-08-11,15.99,16.35,14.70,14.81,55400,13.9546
2010-08-12,14.48,15.01,14.45,14.84,29300,13.98288
2010-08-13,14.74,15.93,14.50,14.87,122700,14.01115
2010-08-16,14.76,15.21,14.41,14.93,20700,14.06768
2010-08-17,15.00,15.20,14.99,15.13,19700,14.25613
2010-08-18,16.629999,16.629999,15.07,15.24,21400,14.35978
2010-08-19,15.12,15.55,14.21,14.32,30800,13.4929
2010-08-20,14.25,14.61,13.98,14.33,18100,13.50234
2010-08-23,14.47,14.64,13.83,13.87,92100,13.06891
2010-08-24,13.72,14.46,13.71,13.72,33400,12.92757
2010-08-25,13.66,13.83,13.41,13.55,27900,12.76739
2010-08-26,13.57,13.97,13.46,13.85,24200,13.05006
2010-08-27,13.99,14.22,13.78,14.20,10300,13.37985
2010-08-30,14.27,14.32,13.55,13.58,15800,12.7956
2010-08-31,13.61,14.10,13.51,13.56,10000,12.77681
2010-09-01,13.84,14.37,13.81,14.37,10600,13.54003
2010-09-02,14.30,15.03,14.10,15.00,16000,14.13364
2010-09-03,15.32,15.60,14.57,15.33,43900,14.44458
2010-09-07,15.45,15.45,14.25,14.26,25100,13.43638
2010-09-08,14.30,14.57,14.10,14.25,29100,13.42696
2010-09-09,14.46,14.46,14.04,14.14,8100,13.32331
2010-09-10,14.23,14.36,13.99,14.11,11900,13.29504
2010-09-13,14.30,14.35,14.04,14.27,15700,13.44580
2010-09-14,14.30,14.51,14.08,14.22,6900,13.39869
2010-09-15,14.14,14.58,14.14,14.41,10800,13.57772
2010-09-16,14.40,14.58,14.03,14.21,8400,13.38927
2010-09-17,14.43,14.44,13.97,14.05,30000,13.23851
2010-09-20,14.05,14.58,14.03,14.56,15700,13.71905
2010-09-21,14.48,14.55,14.27,14.30,11900,13.47407
2010-09-22,14.32,14.32,14.08,14.21,8300,13.38927
2010-09-23,14.00,14.29,14.00,14.03,8500,13.2196
2010-09-24,14.21,14.85,14.11,14.84,8900,14.06307
2010-09-27,14.81,14.89,14.67,14.74,14000,13.9683
2010-09-28,15.05,15.05,14.43,14.83,12900,14.05359
2010-09-29,14.75,15.40,14.69,14.98,20700,14.19574
2010-09-30,15.17,15.32,14.83,15.27,5200,14.47056
2010-10-01,15.45,15.45,14.42,14.78,13000,14.00621
2010-10-04,14.77,14.77,14.19,14.34,19800,13.58925
2010-10-05,14.57,14.68,14.25,14.50,35900,13.74087
2010-10-06,14.50,14.89,14.30,14.89,22000,14.11045
2010-10-07,14.99,15.27,14.73,15.27,24300,14.47056
2010-10-08,15.24,15.50,15.15,15.35,35600,14.54637
2010-10-11,15.40,15.50,15.30,15.30,10700,14.49899
2010-10-12,15.32,15.32,14.85,15.11,12500,14.31893
2010-10-13,15.25,15.68,14.96,15.57,15700,14.75485
2010-10-14,15.48,15.80,15.10,15.77,40600,14.94438
2010-10-15,16.02,16.08,15.85,16.040001,13000,15.20025
2010-10-18,16.10,16.58,16.10,16.51,7900,15.64564
2010-10-19,16.299999,16.33,16.00,16.219999,33000,15.37082
2010-10-20,16.25,16.77,16.25,16.73,5100,15.85412
2010-10-21,16.85,17.16,16.700001,17.02,12600,16.12894
2010-10-22,17.110001,17.60,17.110001,17.280001,11200,16.37533
2010-10-25,17.50,19.299999,17.50,19.200001,39900,18.19481
2010-10-26,19.01,19.50,18.58,18.959999,39700,17.96737
2010-10-27,18.83,18.83,18.049999,18.42,16000,17.4556
2010-10-28,18.50,18.50,17.620001,17.92,22400,16.98182
2010-10-29,17.870001,18.50,17.870001,18.43,22800,17.46512
2010-11-01,18.34,18.809999,18.34,18.77,14600,17.78732
2010-11-02,19.16,20.879999,19.07,20.67,46800,19.58785
2010-11-03,20.75,22.76,20.450001,21.799999,46000,20.65869
2010-11-04,22.32,24.030001,22.200001,24.00,45100,22.74351
2010-11-05,24.00,24.60,23.01,23.379999,68100,22.15597
2010-11-08,22.90,23.459999,22.90,23.02,10400,21.81482
2010-11-09,22.98,23.32,21.969999,22.51,23900,21.33152
2010-11-10,22.610001,22.73,22.16,22.370001,24200,21.19885
2010-11-11,22.049999,22.33,22.049999,22.309999,5400,21.14199
2010-11-12,22.120001,22.190001,21.780001,21.780001,14300,20.63974
2010-11-15,21.98,22.15,21.709999,21.889999,6500,20.74398
2010-11-16,21.73,21.73,21.219999,21.50,13000,20.37440
2010-11-17,21.09,21.540001,21.09,21.120001,6300,20.01429
2010-11-18,21.43,21.52,21.08,21.42,9300,20.29858
2010-11-19,21.280001,21.360001,20.860001,20.870001,12300,19.77738
2010-11-22,20.799999,20.950001,20.450001,20.639999,7400,19.55942
2010-11-23,20.25,20.469999,18.969999,20.200001,20500,19.14246
2010-11-24,20.26,20.879999,20.26,20.67,10700,19.58785
2010-11-26,20.52,20.66,20.389999,20.60,1400,19.52151
2010-11-29,20.40,20.790001,20.17,20.59,8700,19.51204
2010-11-30,20.35,20.51,19.959999,20.110001,21800,19.05717
2010-12-01,20.27,20.74,20.139999,20.530001,19800,19.45518
2010-12-02,20.610001,21.50,20.59,21.459999,18000,20.33649
2010-12-03,20.559999,22.25,20.540001,22.120001,70100,20.96194
2010-12-06,21.99,22.42,21.68,22.290001,14400,21.12304
2010-12-07,22.59,22.83,22.23,22.60,9300,21.41681
2010-12-08,22.50,22.90,22.50,22.719999,11500,21.53052
2010-12-09,22.93,23.860001,22.73,23.719999,16300,22.47817
2010-12-10,23.690001,24.48,23.629999,24.129999,12700,22.86671
2010-12-13,24.299999,24.889999,24.299999,24.58,17400,23.29315
2010-12-14,24.790001,24.940001,24.16,24.809999,9700,23.51111
2010-12-15,23.65,24.870001,23.65,24.790001,5400,23.49215
2010-12-16,24.790001,25.129999,24.50,24.549999,13500,23.26472
2010-12-17,24.559999,25.27,23.75,24.91,57300,23.60587
2010-12-20,25.290001,26.559999,24.700001,26.290001,24700,24.91362
2010-12-21,26.35,26.35,23.92,26.15,14800,24.78095
2010-12-22,26.08,26.139999,25.73,25.82,13800,24.46823
2010-12-23,25.98,26.07,25.299999,25.49,10600,24.15551
2010-12-27,25.790001,26.16,25.68,26.16,4200,24.79043
2010-12-28,26.32,27.110001,26.00,26.120001,9600,24.75252
2010-12-29,26.200001,26.25,25.870001,25.870001,4100,24.51561
2010-12-30,25.98,26.219999,25.75,25.76,6400,24.41137
2010-12-31,25.610001,25.92,24.76,24.889999,5000,23.69731
2011-01-03,25.17,25.83,25.09,25.700001,5700,24.46850
2011-01-04,25.700001,25.700001,24.27,24.27,8700,23.10702
2011-01-05,25.07,25.07,23.43,24.09,12600,22.93564
2011-01-06,24.280001,24.440001,23.139999,23.40,50300,22.27871
2011-01-07,23.610001,23.610001,22.950001,23.07,42200,21.96452
2011-01-10,22.950001,23.01,22.58,22.58,25800,21.49800
2011-01-11,22.58,23.98,22.58,23.98,17300,22.8309
2011-01-12,24.120001,24.389999,23.620001,23.969999,8400,22.82139
2011-01-13,23.77,23.90,23.540001,23.639999,4000,22.50721
2011-01-14,23.73,23.809999,23.27,23.809999,4300,22.66906
2011-01-18,23.00,23.76,23.00,23.23,18500,22.11685
2011-01-19,23.309999,23.309999,22.92,22.969999,16100,21.86931
2011-01-20,22.82,23.18,22.24,22.629999,18200,21.54560
2011-01-21,23.040001,23.040001,22.309999,22.67,17300,21.58369
2011-01-24,22.700001,23.65,22.700001,22.98,40800,21.87883
2011-01-25,23.23,24.34,23.030001,23.90,40400,22.75475
2011-01-26,24.09,24.99,23.639999,24.40,19200,23.23079
2011-01-27,23.42,24.57,23.42,24.41,3500,23.24031
2011-01-28,24.41,24.629999,23.389999,23.610001,11900,22.4786
2011-01-31,23.91,23.91,22.940001,23.370001,7300,22.25015
2011-02-01,23.690001,24.059999,22.99,23.57,11200,22.44056
2011-02-02,23.360001,23.52,22.799999,22.85,4700,21.75506
2011-02-03,22.799999,23.17,22.559999,23.17,4900,22.05973
2011-02-04,23.030001,23.139999,22.950001,23.110001,4400,22.0026
2011-02-07,23.209999,23.65,23.01,23.51,20000,22.38344
2011-02-08,23.18,24.370001,23.18,24.10,7600,22.9451
2011-02-09,24.60,24.860001,23.93,24.700001,17800,23.5164
2011-02-10,24.540001,25.370001,24.370001,25.24,11900,24.03054
2011-02-11,25.24,27.209999,25.24,27.120001,29300,25.82045
2011-02-14,26.940001,26.940001,26.24,26.540001,30200,25.2682
2011-02-15,26.549999,26.639999,25.93,25.99,16000,24.74460
2011-02-16,26.290001,26.68,26.200001,26.49,12900,25.22064
2011-02-17,26.49,27.02,26.33,26.60,9700,25.32537
2011-02-18,26.65,26.65,24.15,24.35,52500,23.18319
2011-02-22,23.969999,24.33,22.700001,22.709999,33600,21.62177
2011-02-23,22.879999,22.879999,21.879999,22.50,14500,21.42183
2011-02-24,22.610001,24.16,22.530001,23.98,32200,22.8309
2011-02-25,24.00,24.32,23.59,24.139999,10200,22.98325
2011-02-28,24.32,24.35,21.74,24.07,20000,22.91660
2011-03-01,24.049999,24.049999,23.450001,23.83,15700,22.68810
2011-03-02,23.690001,24.16,23.57,24.030001,2500,22.87852
2011-03-03,24.190001,24.57,21.200001,21.98,147800,20.92675
2011-03-04,22.10,22.309999,21.49,21.879999,17900,20.83154
2011-03-07,21.84,22.200001,20.620001,20.629999,23200,19.64144
2011-03-08,20.629999,22.49,20.629999,21.389999,48200,20.36502
2011-03-09,21.24,21.24,20.959999,21.08,16100,20.06988
2011-03-10,20.68,20.879999,20.25,20.49,18900,19.50815
2011-03-11,20.459999,20.459999,20.08,20.139999,8000,19.17492
2011-03-14,19.93,20.02,19.559999,19.59,4000,18.65128
2011-03-15,19.00,19.540001,18.610001,18.870001,45100,17.96578
2011-03-16,18.85,19.23,18.790001,18.85,21300,17.94674
2011-03-17,19.67,19.73,19.09,19.49,24100,18.55607
2011-03-18,19.60,20.99,19.58,20.99,40300,19.98419
2011-03-21,20.77,22.35,20.26,22.35,31300,21.27902
2011-03-22,22.280001,23.16,21.99,22.700001,39000,21.61225
2011-03-23,22.74,22.91,22.23,22.85,15000,21.75506
2011-03-24,22.969999,22.969999,22.32,22.50,8000,21.42183
2011-03-25,22.58,22.879999,22.50,22.58,8600,21.49800
2011-03-28,22.620001,22.75,22.440001,22.440001,5000,21.36471
2011-03-29,22.40,22.559999,22.299999,22.549999,7500,21.46944
2011-03-30,22.74,23.00,22.42,22.940001,9900,21.84075
2011-03-31,22.76,23.32,22.52,23.040001,6600,21.93596
2011-04-01,22.969999,23.17,22.67,23.00,2800,22.01252
2011-04-04,23.91,23.91,23.50,23.889999,2300,22.86431
2011-04-05,23.77,24.90,23.77,24.280001,20400,23.23757
2011-04-06,23.90,25.00,23.90,24.809999,8500,23.74481
2011-04-07,24.799999,25.25,24.790001,24.790001,27100,23.72567
2011-04-08,25.02,25.02,24.629999,24.780001,11300,23.71610
2011-04-11,24.860001,24.940001,24.49,24.75,12700,23.68739
2011-04-12,24.67,24.74,24.10,24.10,14300,23.06530
2011-04-13,24.41,24.41,23.139999,23.139999,6200,22.14651
2011-04-14,22.90,23.33,22.90,23.309999,8800,22.30921
2011-04-15,23.25,23.540001,22.709999,23.030001,43900,22.0412
2011-04-18,22.51,22.75,21.49,22.59,8500,21.62013
2011-04-19,22.559999,22.77,22.540001,22.690001,16900,21.71583
2011-04-20,23.17,23.17,22.41,22.60,9300,21.62970
2011-04-21,22.85,22.99,22.620001,22.98,5600,21.99338
2011-04-25,22.91,23.00,22.68,22.68,15600,21.70626
2011-04-26,22.879999,23.07,22.879999,23.07,12000,22.07952
2011-04-27,22.709999,23.110001,22.709999,23.08,14000,22.08909
2011-04-28,23.370001,23.48,21.450001,22.219999,43000,21.26601
2011-04-29,22.18,22.530001,21.799999,22.030001,21000,21.08417
2011-05-02,22.110001,22.15,21.889999,21.969999,17000,21.02674
2011-05-03,22.00,22.059999,21.48,21.60,17000,20.67263
2011-05-04,21.59,21.59,21.01,21.360001,10000,20.44293
2011-05-05,21.209999,21.209999,20.68,20.74,6900,19.84955
2011-05-06,21.02,21.02,20.68,20.77,6400,19.8782
2011-05-09,20.690001,20.92,20.370001,20.719999,27000,19.83041
2011-05-10,20.77,20.969999,20.540001,20.940001,16500,20.04097
2011-05-11,20.780001,20.93,20.17,20.17,12600,19.3040
2011-05-12,20.07,20.16,19.879999,20.040001,15500,19.17961
2011-05-13,19.969999,19.969999,19.24,19.32,7800,18.49052
2011-05-16,19.209999,19.889999,19.110001,19.34,46000,18.50966
2011-05-17,19.17,19.379999,19.17,19.25,7600,18.42352
2011-05-18,19.26,19.450001,19.26,19.440001,5300,18.60537
2011-05-19,19.469999,19.469999,19.15,19.26,8300,18.43309
2011-05-20,19.15,20.700001,19.15,20.290001,18400,19.41887
2011-05-23,19.85,20.18,18.879999,18.93,24700,18.11726
2011-05-24,19.040001,19.52,17.85,18.23,25800,17.4473
2011-05-25,18.32,18.50,18.16,18.469999,5500,17.67701
2011-05-26,18.459999,18.690001,18.440001,18.629999,33000,17.83014
2011-05-27,18.629999,18.77,18.51,18.74,10300,17.93542
2011-05-31,19.00,19.00,18.700001,18.85,14400,18.04070
2011-06-01,18.85,18.85,18.129999,18.209999,14000,17.42817
2011-06-02,18.219999,18.50,17.950001,18.48,7300,17.68658
2011-06-03,18.08,18.469999,18.08,18.280001,9100,17.49517
2011-06-06,18.34,18.50,18.17,18.190001,8100,17.40903
2011-06-07,18.440001,18.450001,18.200001,18.219999,5500,17.43774
2011-06-08,18.25,18.379999,18.190001,18.27,4900,17.48560
2011-06-09,18.32,18.389999,18.16,18.219999,4400,17.43774
2011-06-10,18.139999,18.42,18.049999,18.200001,5800,17.4186
2011-06-13,18.379999,19.00,18.08,18.68,17800,17.87800
2011-06-14,18.969999,19.15,18.549999,19.129999,11700,18.3086
2011-06-15,18.93,19.190001,18.84,19.049999,17600,18.23211
2011-06-16,19.059999,19.780001,18.709999,19.610001,13900,18.76807
2011-06-17,19.780001,19.780001,19.200001,19.40,22200,18.56708
2011-06-20,19.27,19.379999,18.860001,19.00,21400,18.18426
2011-06-21,19.25,19.27,18.43,19.17,13200,18.34696
2011-06-22,19.07,19.26,18.42,18.73,15200,17.92585
2011-06-23,18.48,18.75,18.08,18.709999,18700,17.90671
2011-06-24,18.790001,19.129999,18.620001,19.129999,94800,18.3086
2011-06-27,19.00,19.469999,18.620001,19.40,31300,18.56708
2011-06-28,19.41,19.940001,19.35,19.940001,8100,19.08390
2011-06-29,20.02,20.030001,19.629999,19.969999,7500,19.11261
2011-06-30,19.639999,19.809999,19.190001,19.67,9000,18.93930
2011-07-01,19.77,20.200001,19.540001,20.200001,10000,19.44961
2011-07-05,20.280001,21.10,19.83,21.00,12600,20.21989
2011-07-06,20.559999,21.059999,20.559999,20.879999,12800,20.10435
2011-07-07,21.15,21.27,20.60,21.219999,11200,20.43172
2011-07-08,21.030001,21.16,20.18,20.950001,13600,20.17175
2011-07-11,20.77,21.18,20.389999,20.40,7800,19.64218
2011-07-12,20.219999,20.23,19.84,20.049999,10900,19.30518
2011-07-13,20.08,20.35,19.84,20.129999,14100,19.38221
2011-07-14,20.08,20.09,19.42,19.610001,15700,18.88153
2011-07-15,19.799999,20.030001,19.360001,19.98,8300,19.23778
2011-07-18,19.860001,19.969999,19.02,19.23,28000,18.51564
2011-07-19,19.33,19.75,19.049999,19.41,46800,18.68896
2011-07-20,19.379999,19.58,19.379999,19.530001,3400,18.80450
2011-07-21,19.530001,19.76,18.91,19.549999,9100,18.82376
2011-07-22,19.25,19.42,18.99,19.23,13900,18.51564
2011-07-25,19.120001,19.52,19.01,19.40,4900,18.67933
2011-07-26,19.40,19.58,19.299999,19.530001,2800,18.80450
2011-07-27,19.309999,19.52,18.91,19.01,9200,18.30382
2011-07-28,19.209999,19.209999,18.379999,18.469999,15200,17.7838
2011-07-29,18.389999,18.75,18.389999,18.67,12100,17.97645
2011-08-01,18.49,18.68,18.42,18.52,53000,17.83202
2011-08-02,18.48,18.690001,18.139999,18.25,18900,17.57205
2011-08-03,18.27,18.75,18.200001,18.59,6600,17.89942
2011-08-04,18.299999,18.40,17.83,17.92,18000,17.25431
2011-08-05,18.110001,18.700001,17.76,17.780001,5900,17.11951
2011-08-08,18.040001,18.040001,15.71,16.16,24900,15.55969
2011-08-09,16.440001,17.92,15.92,16.77,22800,16.14703
2011-08-10,16.379999,16.379999,15.28,15.56,15300,14.98198
2011-08-11,15.70,17.299999,15.39,16.60,15100,15.98334
2011-08-12,16.690001,17.25,16.120001,17.059999,12000,16.42625
2011-08-15,17.23,17.23,16.459999,17.00,11100,16.36848
2011-08-16,16.790001,16.940001,16.50,16.82,11700,16.19517
2011-08-17,16.969999,17.07,16.77,16.879999,5600,16.25294
2011-08-18,16.530001,16.59,15.33,15.70,11800,15.1167
2011-08-19,15.48,16.00,15.28,15.28,10900,14.71238
2011-08-22,15.73,15.73,14.84,15.03,15300,14.47166
2011-08-23,15.03,15.38,14.62,15.35,24400,14.77978
2011-08-24,15.24,16.120001,14.85,16.00,26600,15.40563
2011-08-25,16.15,16.309999,15.69,15.78,11000,15.19380
2011-08-26,15.77,16.389999,15.75,16.280001,11900,15.67523
2011-08-29,16.389999,16.969999,15.98,16.93,10200,16.30108
2011-08-30,16.68,17.32,16.440001,17.129999,4800,16.49365
2011-08-31,17.219999,17.639999,16.75,17.059999,19200,16.42625
2011-09-01,16.190001,17.34,16.110001,17.030001,26800,16.39737
2011-09-02,16.719999,16.719999,15.75,15.92,10400,15.32860
2011-09-06,15.46,16.02,15.25,15.98,26700,15.38637
2011-09-07,16.190001,16.190001,15.57,16.129999,73400,15.53080
2011-09-08,15.92,16.370001,15.65,15.68,8600,15.09752
2011-09-09,15.53,15.53,14.20,14.65,25500,14.10578
2011-09-12,14.31,14.76,14.07,14.56,50300,14.01912
2011-09-13,14.62,15.59,14.56,15.41,13800,14.83755
2011-09-14,15.43,16.01,15.30,15.83,15600,15.24195
2011-09-15,15.97,15.98,15.51,15.80,16200,15.21306
2011-09-16,15.94,16.280001,15.94,16.25,71600,15.64634
2011-09-19,15.84,16.17,15.81,15.81,22300,15.22269
2011-09-20,15.94,15.94,14.99,15.19,22900,14.62572
2011-09-21,15.20,15.32,14.56,14.56,16300,14.01912
2011-09-22,14.10,14.39,13.65,13.75,14400,13.23921
2011-09-23,13.74,13.98,13.68,13.78,6000,13.38491
2011-09-26,13.99,13.99,13.39,13.89,12000,13.49176
2011-09-27,14.17,14.33,13.87,14.02,11100,13.61803
2011-09-28,14.42,14.42,13.55,13.64,13300,13.24893
2011-09-29,14.06,14.06,13.53,13.63,9500,13.23921
2011-09-30,13.52,14.84,13.26,13.52,17600,13.13237
2011-10-03,13.47,13.99,13.43,13.54,16000,13.15179
2011-10-04,13.38,15.98,13.38,15.63,15200,15.18187
2011-10-05,15.58,15.58,14.51,14.98,5200,14.55051
2011-10-06,14.90,14.97,14.30,14.63,6900,14.21054
2011-10-07,14.61,15.79,14.59,15.38,22400,14.93904
2011-10-10,15.69,15.83,15.42,15.83,11000,15.37614
2011-10-11,15.75,15.75,14.91,15.35,6600,14.90990
2011-10-12,15.54,16.049999,14.86,16.049999,7600,15.58983
2011-10-13,15.44,15.85,15.44,15.85,5900,15.39556
2011-10-14,16.00,16.00,14.98,16.00,5300,15.54126
2011-10-17,15.21,15.62,15.06,15.42,8200,14.97789
2011-10-18,15.49,16.17,15.30,16.040001,8700,15.58012
2011-10-19,15.00,15.97,15.00,15.69,5500,15.24015
2011-10-20,15.49,15.74,15.09,15.67,9800,15.2207
2011-10-21,16.00,16.18,15.68,15.99,8200,15.53155
2011-10-24,16.01,16.51,15.88,16.49,8400,16.01721
2011-10-25,16.49,16.49,15.56,15.64,11700,15.1915
2011-10-26,15.98,16.00,15.50,15.98,12200,15.52184
2011-10-27,16.52,17.76,16.00,17.76,19700,17.25080
2011-10-28,17.620001,17.790001,17.01,17.52,11800,17.01768
2011-10-31,16.40,16.790001,16.190001,16.67,11400,16.19205
2011-11-01,16.01,16.040001,15.50,15.83,26400,15.37614
2011-11-02,15.98,16.00,15.63,16.00,7900,15.54126
2011-11-03,16.200001,16.99,16.00,16.99,9300,16.50288
2011-11-04,16.809999,16.809999,15.55,16.00,7800,15.54126
2011-11-07,16.00,16.00,14.20,15.04,9500,14.60879
2011-11-08,15.16,15.16,14.81,15.03,7800,14.59907
2011-11-09,14.56,14.97,14.43,14.73,16700,14.3076
2011-11-10,15.06,15.15,14.93,15.02,7600,14.58936
2011-11-11,14.90,15.24,14.90,15.24,6300,14.80305
2011-11-14,15.07,15.29,14.58,14.90,9500,14.47280
2011-11-15,14.96,15.09,14.85,15.03,6200,14.59907
2011-11-16,14.98,15.03,14.75,14.88,7300,14.4533
2011-11-17,14.88,15.00,14.80,14.95,8300,14.52137
2011-11-18,14.98,15.00,14.85,14.97,2900,14.54079
2011-11-21,14.46,14.72,14.07,14.10,7600,13.69574
2011-11-22,14.07,15.00,14.07,14.89,23500,14.46309
2011-11-23,14.81,14.91,14.67,14.72,8700,14.29796
2011-11-25,14.72,15.00,14.42,14.70,3600,14.2785
2011-11-28,15.52,15.52,14.70,15.09,20000,14.65735
2011-11-29,15.01,15.32,14.57,14.75,6400,14.32710
2011-11-30,15.41,15.81,14.94,15.76,15900,15.3081
2011-12-01,15.65,15.93,15.05,15.05,13900,14.61850
2011-12-02,15.20,15.27,15.10,15.27,8000,14.83219
2011-12-05,15.53,15.56,15.00,15.47,8500,15.02646
2011-12-06,15.48,15.48,15.02,15.26,13500,14.82248
2011-12-07,15.00,15.85,14.39,15.85,15900,15.39556
2011-12-08,15.51,16.219999,14.90,15.05,11400,14.61850
2011-12-09,15.09,15.55,15.00,15.52,12800,15.07503
2011-12-12,15.16,15.52,15.10,15.39,9100,14.94875
2011-12-13,15.40,15.72,15.22,15.65,21000,15.20130
2011-12-14,15.65,16.00,15.38,15.84,23200,15.38585
2011-12-15,14.98,16.139999,14.98,15.99,13200,15.53155
2011-12-16,16.08,16.08,15.27,15.85,49200,15.39556
2011-12-19,15.99,16.00,15.54,15.54,13800,15.09445
2011-12-20,15.88,15.98,15.59,15.98,9400,15.52184
2011-12-21,15.90,16.00,15.59,15.98,20200,15.52184
2011-12-22,15.98,15.98,15.51,15.83,11300,15.37614
2011-12-23,14.99,15.82,14.92,15.82,7100,15.36642
2011-12-27,15.64,15.79,15.37,15.69,7400,15.24015
2011-12-28,15.60,15.66,15.10,15.10,24700,14.66707
2011-12-29,15.14,15.34,14.86,15.34,9600,15.01955
2011-12-30,15.24,15.70,14.96,15.43,11000,15.10767
2012-01-03,15.73,15.83,15.36,15.81,12600,15.47973
2012-01-04,15.64,15.77,15.17,15.20,9200,14.88247
2012-01-05,15.10,15.33,14.39,15.09,6300,14.77477
2012-01-06,15.23,15.38,15.21,15.21,21500,14.89226
2012-01-09,15.32,15.32,14.75,14.89,38300,14.57895
2012-01-10,15.12,15.43,14.80,15.40,10600,15.07829
2012-01-11,15.23,15.67,14.53,15.51,47700,15.18600
2012-01-12,15.51,15.87,15.02,15.87,6600,15.5384
2012-01-13,15.61,15.87,15.61,15.70,4800,15.37203
2012-01-17,15.91,15.92,15.56,15.85,215000,15.51889
2012-01-18,16.040001,16.49,15.92,16.459999,69300,16.11615
2012-01-19,16.389999,16.620001,16.25,16.610001,4400,16.26302
2012-01-20,16.65,16.99,16.65,16.940001,3100,16.58612
2012-01-23,16.99,16.99,16.59,16.879999,3600,16.52738
2012-01-24,16.76,17.00,16.66,16.959999,9500,16.6057
2012-01-25,17.040001,17.24,17.040001,17.24,19600,16.87986
2012-01-26,17.24,17.24,16.98,17.110001,7300,16.75257
2012-01-27,16.90,17.15,16.83,17.00,7700,16.64487
2012-01-30,16.799999,17.00,16.76,16.93,5600,16.57633
2012-01-31,16.969999,16.969999,16.639999,16.790001,4900,16.43926
2012-02-01,17.15,17.440001,16.93,17.09,22300,16.73299
2012-02-02,17.110001,17.360001,17.01,17.110001,35100,16.75257
2012-02-03,17.219999,17.92,17.209999,17.639999,118000,17.27150
2012-02-06,17.58,17.709999,17.549999,17.68,4600,17.3106
2012-02-07,17.629999,17.85,17.540001,17.549999,16200,17.18338
2012-02-08,17.59,17.629999,17.280001,17.299999,4400,16.93860
2012-02-09,17.35,17.41,17.02,17.030001,4200,16.67424
2012-02-10,16.940001,16.940001,15.78,15.91,14700,15.57764
2012-02-13,16.00,16.629999,15.99,16.32,6000,15.9790
2012-02-14,16.16,16.360001,16.02,16.290001,11200,15.94970
2012-02-15,16.49,16.49,16.030001,16.030001,7000,15.69513
2012-02-16,15.95,17.10,15.95,16.85,24400,16.49800
2012-02-17,16.92,17.48,16.92,17.33,6400,16.96798
2012-02-21,17.49,17.540001,17.190001,17.379999,15800,17.01693
2012-02-22,17.309999,17.309999,16.73,16.73,3900,16.38051
2012-02-23,16.940001,17.219999,16.85,17.15,28400,16.79174
2012-02-24,16.809999,17.10,16.68,16.950001,8900,16.5959
2012-02-27,16.809999,17.18,16.389999,16.450001,16700,16.10636
2012-02-28,16.57,16.57,16.450001,16.450001,2800,16.10636
2012-02-29,16.219999,16.469999,16.18,16.309999,8900,15.96928
2012-03-01,16.00,16.99,15.82,16.60,15700,16.25323
2012-03-02,16.48,16.77,16.139999,16.51,35400,16.16511
2012-03-05,16.459999,16.93,16.16,16.25,18100,15.91054
2012-03-06,16.01,16.370001,16.01,16.040001,20300,15.7049
2012-03-07,16.07,16.120001,15.70,16.07,19200,15.73430
2012-03-08,16.18,16.24,15.86,16.15,16600,15.81263
2012-03-09,16.15,16.299999,15.99,16.10,10500,15.76367
2012-03-12,16.00,16.15,16.00,16.08,13600,15.74409
2012-03-13,16.190001,16.190001,15.77,16.17,13500,15.83221
2012-03-14,16.07,16.17,15.85,15.95,21600,15.61680
2012-03-15,15.88,15.94,15.05,15.41,17600,15.0880
2012-03-16,15.35,15.55,15.31,15.45,39700,15.12725
2012-03-19,15.37,15.59,15.09,15.59,13800,15.2643
2012-03-20,15.40,15.50,15.40,15.43,11400,15.10767
2012-03-21,15.39,15.50,15.20,15.41,10600,15.0880
2012-03-22,15.23,15.50,15.23,15.26,16500,14.94122
2012-03-23,15.38,15.56,15.38,15.56,7900,15.23495
2012-03-26,15.67,16.15,15.50,16.07,9800,15.73430
2012-03-27,16.01,16.08,15.62,15.65,5300,15.32307
2012-03-28,15.73,15.73,15.36,15.54,6800,15.21537
2012-03-29,15.44,15.65,15.27,15.46,4700,15.13704
2012-03-30,15.38,15.59,15.05,15.11,10600,14.91008
2012-04-02,15.19,15.45,15.03,15.29,16000,15.08770
2012-04-03,15.25,15.42,15.19,15.40,18200,15.19625
2012-04-04,15.16,15.33,14.84,15.01,41000,14.81141
2012-04-05,15.03,15.08,14.36,14.68,16700,14.48577
2012-04-09,14.36,14.96,14.36,14.81,13200,14.61405
2012-04-10,14.67,15.14,14.37,15.01,24700,14.81141
2012-04-11,15.24,15.24,14.80,15.19,20100,14.98902
2012-04-12,15.10,15.10,14.79,15.01,24000,14.81141
2012-04-13,14.77,14.78,14.43,14.52,6200,14.32789
2012-04-16,14.66,14.99,14.53,14.82,3700,14.62392
2012-04-17,14.97,15.07,14.79,14.91,3500,14.71273
2012-04-18,14.81,14.85,14.65,14.79,4600,14.59432
2012-04-19,14.55,14.95,14.38,14.76,10700,14.56471
2012-04-20,15.08,15.08,14.73,14.82,9000,14.62392
2012-04-23,14.66,14.83,14.50,14.50,6900,14.30815
2012-04-24,14.47,15.29,14.47,15.13,12200,14.92982
2012-04-25,15.25,15.25,14.79,15.19,12300,14.98902
2012-04-26,14.75,14.89,14.13,14.58,20500,14.387
2012-04-27,14.72,14.81,14.48,14.74,7700,14.54498
2012-04-30,14.47,14.85,14.31,14.56,12000,14.36736
2012-05-01,14.51,14.55,13.96,14.19,34000,14.0022
2012-05-02,14.29,14.55,14.02,14.24,19500,14.05159
2012-05-03,14.06,14.07,13.63,13.74,25000,13.55821
2012-05-04,13.62,13.63,12.50,12.66,35600,12.49250
2012-05-07,12.71,12.87,12.42,12.68,22000,12.51223
2012-05-08,12.65,12.98,12.65,12.81,22900,12.64051
2012-05-09,12.71,13.07,12.05,12.09,54000,11.93004
2012-05-10,12.26,12.37,11.53,11.86,35000,11.70308
2012-05-11,11.77,11.97,10.73,11.28,21900,11.1307
2012-05-14,11.13,11.26,10.78,10.88,224200,10.73605
2012-05-15,10.87,11.27,10.75,10.95,169000,10.80512
2012-05-16,11.08,11.24,10.79,10.99,23900,10.84459
2012-05-17,10.99,11.16,10.85,10.86,16500,10.71631
2012-05-18,10.88,11.05,10.60,10.77,28600,10.62750
2012-05-21,10.86,11.12,10.57,11.01,42000,10.86433
2012-05-22,11.08,11.10,10.31,10.40,38000,10.26240
2012-05-23,10.17,10.53,9.68,9.98,108000,9.8479
2012-05-24,10.00,10.08,9.50,9.61,24200,9.48285
2012-05-25,9.56,9.83,9.31,9.31,16800,9.18682
2012-05-29,9.32,9.92,9.22,9.71,74500,9.58153
2012-05-30,9.54,10.10,9.51,9.86,64900,9.72954
2012-05-31,9.84,9.97,9.34,9.81,53000,9.6802
2012-06-01,9.59,9.78,8.85,8.86,44000,8.74277
2012-06-04,8.96,9.37,8.95,9.31,49300,9.18682
2012-06-05,9.24,9.81,9.08,9.47,85100,9.34470
2012-06-06,9.62,9.64,9.22,9.36,76000,9.23616
2012-06-07,9.45,9.68,9.23,9.36,40700,9.23616
2012-06-08,9.41,9.55,9.15,9.20,20500,9.0782
2012-06-11,9.37,9.48,9.00,9.02,44500,8.90066
2012-06-12,9.14,9.48,8.99,9.12,30000,8.99933
2012-06-13,9.02,9.15,8.48,8.55,39900,8.4368
2012-06-14,8.58,8.76,8.42,8.63,29900,8.51582
2012-06-15,8.65,8.86,8.38,8.74,30400,8.62436
2012-06-18,8.77,9.14,8.68,9.03,36000,8.91052
2012-06-19,9.09,9.12,8.68,8.97,98400,8.85132
2012-06-20,8.93,9.34,8.82,9.09,69100,8.96973
2012-06-21,9.12,9.12,8.61,8.81,30100,8.6934
2012-06-22,8.84,9.10,8.80,8.91,676800,8.79211
2012-06-25,8.82,9.09,8.76,8.96,34900,8.84145
2012-06-26,8.96,9.11,8.91,8.92,104200,8.80198
2012-06-27,8.89,9.00,8.71,8.95,23900,8.83158
2012-06-28,9.02,9.30,8.93,9.07,47300,8.9
2012-06-29,9.06,9.33,8.56,9.25,40300,9.2
2012-07-02,9.21,9.41,9.11,9.36,31500,9.3
2012-07-03,9.33,9.83,9.33,9.64,5500,9.6
2012-07-05,9.76,9.82,9.63,9.82,14700,9.8
2012-07-06,9.68,9.92,9.68,9.87,46800,9.8
2012-07-09,9.80,10.06,9.67,9.88,14800,9.8
2012-07-10,10.00,10.13,9.67,9.70,47000,9.7
2012-07-11,9.70,10.17,9.69,9.99,83500,9.9
2012-07-12,10.00,10.00,9.57,9.69,24200,9.6
2012-07-13,9.75,10.19,9.56,9.68,61100,9.6
2012-07-16,9.62,9.62,9.30,9.38,19100,9.3
2012-07-17,9.46,9.49,9.23,9.45,36800,9.4
2012-07-18,9.40,10.13,9.40,10.09,24500,10.0
2012-07-19,10.05,10.05,9.79,9.99,14400,9.9
2012-07-20,9.86,9.94,9.55,9.70,33200,9.7
2012-07-23,9.58,9.58,9.20,9.33,38700,9.3
2012-07-24,9.40,9.46,9.13,9.24,33700,9.2
2012-07-25,9.22,9.45,9.06,9.28,22200,9.2
2012-07-26,9.34,9.46,9.20,9.38,7400,9.3
2012-07-27,9.39,9.50,9.23,9.50,9400,9.5
2012-07-30,9.37,9.97,9.37,9.96,15800,9.9
2012-07-31,9.76,9.98,9.68,9.72,54000,9.7
2012-08-01,9.80,10.67,9.80,9.90,28200,9.9
2012-08-02,9.81,10.21,9.40,9.40,16000,9.4
2012-08-03,9.52,10.33,9.41,9.90,15400,9.9
2012-08-06,9.97,10.28,9.74,9.78,8800,9.7
2012-08-07,9.75,9.97,9.47,9.58,46800,9.5
2012-08-08,9.58,10.49,9.58,10.06,11700,10.0
2012-08-09,9.98,10.07,9.00,9.64,31500,9.6
2012-08-10,9.57,10.00,9.57,9.97,13800,9.9
2012-08-13,9.71,9.86,9.26,9.26,5900,9.2
2012-08-14,9.29,9.29,8.79,9.00,41100,9.0
2012-08-15,8.99,8.99,8.65,8.99,8800,8.9
2012-08-16,9.03,9.63,8.88,9.37,42700,9.3
2012-08-17,9.20,9.37,9.17,9.31,4300,9.3
2012-08-20,9.31,9.31,8.80,9.08,4400,9.0
2012-08-21,8.97,9.10,8.03,8.24,467700,8.2
2012-08-22,8.24,8.44,8.24,8.44,9600,8.4
2012-08-23,8.39,8.49,8.09,8.30,19500,8.3
2012-08-24,8.25,8.25,7.85,7.87,33700,7.8
2012-08-27,7.96,8.14,7.96,8.05,131500,8.0
2012-08-28,7.97,8.12,7.97,8.05,7600,8.0
2012-08-29,8.04,8.36,7.95,8.13,7600,8.1
2012-08-30,8.05,8.14,7.54,7.88,13600,7.8
2012-08-31,7.89,8.03,7.66,8.00,5200,8.0
2012-09-04,8.00,8.01,7.42,7.61,6900,7.6
2012-09-05,7.61,7.61,7.30,7.34,11900,7.3
2012-09-06,7.34,7.34,7.07,7.16,6300,7.1
2012-09-07,7.27,7.38,7.12,7.36,8000,7.3
2012-09-10,7.36,7.48,7.28,7.29,208000,7.2
2012-09-11,7.34,7.44,6.95,7.25,76700,7.2
2012-09-12,6.90,6.90,6.31,6.51,35700,6.5
2012-09-13,6.50,6.86,6.31,6.37,29600,6.3
2012-09-14,6.74,6.74,5.97,6.15,93300,6.1
2012-09-17,6.18,6.19,5.84,6.00,112600,6.0
2012-09-18,6.07,6.14,5.95,6.08,53700,6.0
2012-09-19,6.00,6.09,5.89,6.00,85500,6.0
2012-09-20,5.93,6.00,5.85,5.97,73800,5.9
2012-09-21,5.97,6.00,5.92,5.97,38300,5.9
2012-09-24,5.91,6.11,5.91,5.96,95700,5.9
2012-09-25,6.02,6.10,5.90,6.08,81000,6.0
2012-09-26,6.10,6.51,6.00,6.25,75900,6.2
2012-09-27,6.27,6.52,6.09,6.45,18300,6.4
2012-09-28,6.38,6.97,6.38,6.92,70900,6.9
2012-10-01,6.91,7.36,6.91,7.07,29000,7.0
2012-10-02,7.08,7.14,6.89,7.01,24400,7.0
2012-10-03,6.99,7.10,6.89,7.08,23300,7.0
2012-10-04,7.07,7.20,7.01,7.19,9200,7.1
2012-10-05,7.20,7.32,7.00,7.32,15700,7.3
2012-10-08,7.23,7.34,7.13,7.23,21400,7.2
2012-10-09,7.18,7.44,7.09,7.30,18700,7.3
2012-10-10,7.31,7.71,7.04,7.15,16100,7.1
2012-10-11,7.04,7.58,6.83,7.40,18400,7.4
2012-10-12,7.37,7.37,7.10,7.35,11900,7.3
2012-10-15,7.33,7.36,6.96,7.26,5700,7.2
2012-10-16,7.34,7.35,7.07,7.17,10400,7.1
2012-10-17,7.32,7.32,6.99,7.25,6800,7.2
2012-10-18,7.23,7.38,7.05,7.33,8400,7.3
2012-10-19,7.33,7.81,7.32,7.58,25700,7.5
2012-10-22,7.35,7.50,7.32,7.38,6800,7.3
2012-10-23,6.39,6.85,6.39,6.71,88900,6.7
2012-10-24,6.78,7.53,6.59,6.72,26900,6.7
2012-10-25,6.68,6.74,6.48,6.48,77800,6.4
2012-10-26,6.44,6.62,6.34,6.57,394600,6.5
2012-10-31,6.65,7.46,6.65,7.11,97400,7.1
2012-11-01,7.27,8.06,7.27,8.00,48300,8.0
2012-11-02,7.91,8.07,7.63,7.96,31300,7.9
2012-11-05,7.89,8.70,7.89,8.57,30400,8.5
2012-11-06,8.59,9.10,8.03,8.79,34100,8.7
2012-11-07,8.58,8.91,8.58,8.79,21300,8.7
2012-11-08,8.80,8.80,8.19,8.57,23400,8.5
2012-11-09,8.50,9.06,8.44,8.88,17000,8.8
2012-11-12,8.87,9.02,8.74,8.78,2700,8.7
2012-11-13,8.00,8.61,8.00,8.46,3600,8.4
2012-11-14,8.44,8.55,8.20,8.49,32700,8.4
2012-11-15,8.45,8.92,7.72,8.76,34500,8.7
2012-11-16,8.81,8.81,8.34,8.50,11300,8.5
2012-11-19,8.71,8.89,8.50,8.51,11300,8.5
2012-11-20,8.51,8.69,8.50,8.50,14100,8.5
2012-11-21,8.31,8.67,8.18,8.48,20000,8.4
2012-11-23,8.49,8.51,8.37,8.47,1700,8.4
2012-11-26,8.48,8.52,8.44,8.50,63500,8.5
2012-11-27,8.45,8.45,8.24,8.43,3700,8.4
2012-11-28,8.44,8.45,8.13,8.40,25600,8.4
2012-11-29,8.27,8.42,8.21,8.30,37400,8.3
2012-11-30,8.42,8.42,8.08,8.28,6100,8.2
2012-12-03,8.28,8.72,8.24,8.57,18900,8.5
2012-12-04,8.65,8.77,8.45,8.53,24600,8.5
2012-12-05,8.55,8.55,8.25,8.44,1800,8.4
2012-12-06,8.40,8.47,8.15,8.21,12900,8.2
2012-12-07,8.30,8.89,8.29,8.39,14000,8.3
2012-12-10,8.47,8.81,8.45,8.54,20400,8.5
2012-12-11,8.73,9.15,8.51,8.66,24000,8.6
2012-12-12,8.70,8.80,8.57,8.78,16300,8.7
2012-12-13,8.75,8.78,8.51,8.77,15900,8.7
2012-12-14,8.75,8.81,8.63,8.75,40700,8.7
2012-12-17,8.73,9.23,8.73,9.22,34300,9.2
2012-12-18,9.25,10.32,9.25,10.03,29600,10.0
2012-12-19,9.98,10.12,9.80,9.88,19300,9.8
2012-12-20,9.94,9.98,9.61,9.78,5200,9.7
2012-12-21,9.74,10.10,9.38,9.54,31800,9.5
2012-12-24,9.61,10.03,9.61,9.67,2700,9.6
2012-12-26,9.65,9.92,9.43,9.73,14200,9.7
2012-12-27,9.73,9.75,9.58,9.59,8600,9.5
2012-12-28,9.70,10.03,9.30,9.30,15200,9.3
2012-12-31,9.48,10.20,9.15,9.90,40400,9.9
2013-01-02,10.68,10.80,10.25,10.80,23100,10.8
2013-01-03,11.27,11.35,10.78,10.92,8600,10.9
2013-01-04,10.90,11.01,10.65,10.76,9700,10.7
2013-01-07,10.64,11.27,10.40,10.61,32600,10.6
2013-01-08,10.75,11.26,10.41,11.12,17800,11.1
2013-01-09,11.24,11.42,11.11,11.24,119400,11.2
2013-01-10,11.46,11.46,11.02,11.11,6800,11.1
2013-01-11,11.03,11.17,10.88,10.88,5800,10.8
2013-01-14,10.97,11.43,10.56,11.43,25500,11.4
2013-01-15,11.27,12.11,11.18,12.01,18400,12.0
2013-01-16,12.09,12.51,11.82,12.17,29700,12.1
2013-01-17,12.19,12.60,12.18,12.29,55500,12.2
2013-01-18,12.30,12.35,12.22,12.24,16200,12.2
2013-01-22,12.19,12.30,11.85,12.18,18500,12.1
2013-01-23,12.18,12.24,11.83,12.20,9400,12.2
2013-01-24,12.27,12.30,11.96,11.97,13100,11.9
2013-01-25,11.90,12.03,11.82,11.99,2900,11.9
2013-01-28,11.96,11.96,11.80,11.84,2700,11.8
2013-01-29,11.82,11.98,11.52,11.60,6500,11.6
2013-01-30,11.71,11.87,11.26,11.57,10700,11.5
2013-01-31,11.48,11.58,10.69,10.98,12100,10.9
2013-02-01,10.99,11.66,10.88,11.66,40800,11.6
2013-02-04,11.64,11.69,11.40,11.63,6800,11.6
2013-02-05,11.64,11.76,11.63,11.70,17800,11.7
2013-02-06,11.65,11.76,11.54,11.70,94300,11.7
2013-02-07,11.59,11.78,11.51,11.58,25000,11.5
2013-02-08,11.61,11.90,11.30,11.46,8800,11.4
2013-02-11,11.46,11.75,11.35,11.55,22300,11.5
2013-02-12,11.52,11.72,11.49,11.72,5700,11.7
2013-02-13,11.63,11.80,11.42,11.71,9900,11.7
2013-02-14,11.67,12.11,11.67,12.06,3100,12.0
2013-02-15,11.99,12.29,11.84,12.17,3400,12.1
2013-02-19,12.28,12.45,12.25,12.29,10500,12.2
2013-02-20,12.40,12.58,12.32,12.35,45600,12.3
2013-02-21,12.52,13.68,12.52,13.64,118700,13.6
2013-02-22,13.69,13.75,13.27,13.75,35700,13.7
2013-02-25,13.72,13.78,13.46,13.46,26800,13.4
2013-02-26,13.45,14.04,13.05,13.97,24500,13.9
2013-02-27,13.99,14.37,13.77,14.00,23700,14.0
2013-02-28,14.13,14.25,13.81,14.24,43200,14.2
2013-03-01,14.39,14.54,13.88,14.52,33400,14.5
2013-03-04,14.53,14.71,14.24,14.51,16100,14.5
2013-03-05,14.61,14.75,14.30,14.37,112900,14.3
2013-03-06,14.47,14.74,14.08,14.60,26700,14.6
2013-03-07,14.67,15.58,14.44,15.25,136400,15.2
2013-03-08,15.38,15.83,14.92,15.26,42300,15.2
2013-03-11,15.34,15.49,15.19,15.24,18500,15.2
2013-03-12,15.00,15.54,14.92,15.49,26500,15.4
2013-03-13,15.39,15.60,15.28,15.34,15600,15.3
2013-03-14,15.36,15.70,14.89,15.68,8700,15.6
2013-03-15,15.52,15.88,15.52,15.88,38000,15.8
2013-03-18,15.58,16.16,15.17,16.16,31300,16.1
2013-03-19,16.10,16.17,15.60,15.96,28200,15.9
2013-03-20,15.91,16.09,15.46,16.08,8200,16.0
2013-03-21,15.85,16.030001,15.40,15.78,12300,15.7
2013-03-22,15.92,16.030001,15.75,15.94,6800,15.9
2013-03-25,15.90,16.610001,15.90,16.299999,27200,16.29999
2013-03-26,16.639999,16.790001,16.48,16.530001,42700,16.53000
2013-03-27,16.66,16.860001,16.49,16.73,73500,16.7
2013-03-28,16.620001,19.02,16.610001,17.58,49200,17.5
2013-04-01,17.67,17.67,17.01,17.370001,17800,17.37000
2013-04-02,17.42,17.629999,16.41,16.700001,35300,16.70000
2013-04-03,16.639999,16.950001,14.68,15.75,49900,15.7
2013-04-04,15.65,16.27,15.41,16.030001,9600,16.03000
2013-04-05,15.67,16.040001,15.06,15.60,21500,15.6
2013-04-08,15.77,16.049999,15.73,15.85,12500,15.8
2013-04-09,15.96,15.96,15.07,15.62,31000,15.6
2013-04-10,15.65,15.87,15.53,15.69,19600,15.6
2013-04-11,15.59,15.75,15.07,15.35,37900,15.3
2013-04-12,15.16,15.38,14.28,15.37,31200,15.3
2013-04-15,15.21,15.21,14.22,15.13,6900,15.1
2013-04-16,15.06,15.45,14.84,15.02,6200,15.0
2013-04-17,14.42,14.76,14.12,14.24,27900,14.2
2013-04-18,14.09,14.80,14.02,14.66,8400,14.6
2013-04-19,14.57,14.70,14.02,14.29,12500,14.2
2013-04-22,14.21,14.55,13.77,14.28,30800,14.2
2013-04-23,14.29,15.29,14.29,14.89,22500,14.8
2013-04-24,14.90,15.30,14.31,15.07,189800,15.0
2013-04-25,15.05,15.80,15.01,15.23,29900,15.2
2013-04-26,15.14,15.33,14.63,15.03,18500,15.0
2013-04-29,14.50,14.86,13.90,14.43,54200,14.4
2013-04-30,14.79,14.79,13.90,14.15,17200,14.1
2013-05-01,14.23,14.31,12.15,13.01,61100,13.0
2013-05-02,13.17,13.17,12.50,12.89,26300,12.8
2013-05-03,12.94,14.47,12.79,14.20,49900,14.2
2013-05-06,14.17,14.21,13.87,13.99,9700,13.9
2013-05-07,14.05,14.34,13.45,14.15,13900,14.1
2013-05-08,14.23,14.31,13.76,14.23,10400,14.2
2013-05-09,14.35,14.40,14.10,14.34,29700,14.3
2013-05-10,14.23,14.39,14.07,14.22,10200,14.2
2013-05-13,14.07,14.28,13.75,14.00,35900,14.0
2013-05-14,14.00,14.26,13.95,14.23,16600,14.2
2013-05-15,14.25,14.30,13.76,14.09,15300,14.0
2013-05-16,14.00,14.26,13.59,14.00,10900,14.0
2013-05-17,13.71,14.39,13.71,14.39,8700,14.3
2013-05-20,14.30,14.30,14.09,14.12,13100,14.1
2013-05-21,13.77,14.11,13.77,13.85,16600,13.8
2013-05-22,13.86,14.25,13.78,14.11,22900,14.1
2013-05-23,13.97,14.39,13.90,14.30,14200,14.3
2013-05-24,14.33,14.89,14.00,14.47,9100,14.4
2013-05-28,14.54,14.99,14.00,14.28,22900,14.2
2013-05-29,14.28,14.40,14.00,14.04,8900,14.0
2013-05-30,14.36,14.45,13.63,14.22,46600,14.2
2013-05-31,14.41,14.90,14.41,14.90,28700,14.9
2013-06-03,14.90,15.10,14.52,14.83,11300,14.8
2013-06-04,14.75,14.75,13.98,14.00,11800,14.0
2013-06-05,13.95,14.28,13.95,14.28,22000,14.2
2013-06-06,14.16,14.16,13.75,13.96,14500,13.9
2013-06-07,13.88,14.49,13.85,13.85,25400,13.8
2013-06-10,14.03,14.17,13.92,14.05,6200,14.0
2013-06-11,13.99,14.15,13.70,13.92,36600,13.9
2013-06-12,14.36,14.44,14.00,14.11,6900,14.1
2013-06-13,14.08,14.08,13.70,14.06,33000,14.0
2013-06-14,14.08,14.08,13.75,13.86,6000,13.8
2013-06-17,13.90,14.04,13.70,13.80,25400,13.8
2013-06-18,13.69,14.07,13.15,13.50,19700,13.5
2013-06-19,13.07,13.49,13.00,13.00,18200,13.0
2013-06-20,13.00,13.19,12.55,12.63,15200,12.6
2013-06-21,12.82,13.08,12.51,12.71,23800,12.7
2013-06-24,12.60,12.89,12.50,12.61,61600,12.6
2013-06-25,13.36,13.36,12.79,12.85,6800,12.8
2013-06-26,13.00,13.11,12.69,12.77,10800,12.7
2013-06-27,12.88,12.99,12.70,12.83,15200,12.8
2013-06-28,12.86,13.90,12.50,12.84,34400,12.8
2013-07-01,13.01,13.41,12.79,13.19,7800,13.1
2013-07-02,13.28,13.44,13.12,13.12,5500,13.1
2013-07-03,13.57,13.57,13.22,13.36,900,13.3
2013-07-05,13.45,13.49,12.91,13.27,2900,13.2
2013-07-08,13.44,13.45,13.24,13.35,12900,13.3
2013-07-09,13.39,13.42,13.21,13.34,4500,13.3
2013-07-10,13.40,13.43,12.93,13.30,11600,13.3
2013-07-11,13.45,13.61,13.34,13.46,32700,13.4
2013-07-12,13.57,14.02,13.54,14.02,5600,14.0
2013-07-15,13.93,14.08,13.65,13.97,44700,13.9
2013-07-16,14.00,14.02,13.86,13.96,2500,13.9
2013-07-17,13.92,13.96,13.84,13.84,3300,13.8
2013-07-18,13.80,14.05,13.65,14.00,8900,14.0
2013-07-19,14.03,14.05,13.87,13.90,4600,13.9
2013-07-22,13.80,14.05,13.61,13.80,7000,13.8
2013-07-23,13.94,13.95,13.67,13.67,1200,13.6
2013-07-24,13.75,13.75,13.39,13.59,15500,13.5
2013-07-25,14.05,14.05,13.12,13.15,20700,13.1
2013-07-26,12.66,13.50,12.66,12.85,15200,12.8
2013-07-29,13.98,13.98,12.93,12.93,3900,12.9
2013-07-30,13.80,13.80,12.59,12.85,17800,12.8
2013-07-31,12.97,13.16,12.01,12.13,26200,12.1
2013-08-01,12.27,12.76,12.20,12.20,8400,12.2
2013-08-02,12.07,12.19,12.05,12.09,25200,12.0
2013-08-05,12.20,12.22,12.01,12.10,4500,12.1
2013-08-06,12.17,12.17,11.78,11.91,19800,11.9
2013-08-07,11.97,11.98,11.78,11.95,4600,11.9
2013-08-08,11.91,11.93,11.60,11.72,8600,11.7
2013-08-09,11.96,12.02,11.71,12.02,7000,12.0
2013-08-12,11.93,12.02,11.83,11.85,8800,11.8
2013-08-13,11.82,12.03,11.51,11.84,11600,11.8
2013-08-14,11.93,12.17,11.85,12.00,31800,12.0
2013-08-15,12.04,12.22,11.95,12.08,8500,12.0
2013-08-16,13.27,13.27,12.11,12.23,7900,12.2
2013-08-19,12.24,12.45,11.97,11.99,2400,11.9
2013-08-20,12.01,12.01,11.65,11.92,3200,11.9
2013-08-21,11.79,11.79,11.64,11.72,17000,11.7
2013-08-22,11.90,11.92,11.76,11.90,1900,11.9
2013-08-23,11.92,11.92,10.80,11.92,6300,11.9
2013-08-26,11.92,12.15,11.32,11.49,10700,11.4
2013-08-27,11.35,11.58,10.87,11.58,15200,11.5
2013-08-28,11.50,11.69,11.28,11.28,5800,11.2
2013-08-29,11.61,11.91,11.38,11.39,5700,11.3
2013-08-30,11.41,11.56,10.93,11.20,4700,11.2
2013-09-03,11.42,11.71,11.42,11.47,9400,11.4
2013-09-04,11.57,11.94,11.13,11.33,8800,11.3
2013-09-05,11.26,11.79,11.26,11.45,6400,11.4
2013-09-06,11.70,11.89,11.11,11.51,16900,11.5
2013-09-09,11.55,11.69,11.14,11.36,5500,11.3
2013-09-10,11.43,11.88,11.20,11.50,1900,11.5
2013-09-11,11.90,11.90,11.23,11.35,5600,11.3
2013-09-12,11.49,12.28,11.11,11.11,3100,11.1
2013-09-13,11.15,11.66,11.00,11.09,3900,11.0
2013-09-16,11.27,11.70,11.27,11.30,11400,11.3
2013-09-17,11.24,11.61,11.12,11.25,12100,11.2
2013-09-18,11.33,11.33,10.91,10.99,51300,10.9
2013-09-19,10.97,11.00,10.30,10.43,35400,10.4
2013-09-20,10.40,10.43,9.41,10.40,61200,10.4
2013-09-23,10.36,10.36,9.81,10.03,22500,10.0
2013-09-24,10.76,10.78,10.03,10.11,4500,10.1
2013-09-25,10.03,10.36,10.01,10.34,6900,10.3
2013-09-26,10.19,10.25,9.76,10.25,12500,10.2
2013-09-27,10.15,10.34,10.00,10.34,34900,10.3
2013-09-30,10.13,10.31,10.10,10.31,9900,10.3
2013-10-01,10.34,11.16,10.30,10.65,39000,10.6
2013-10-02,10.57,10.82,10.57,10.65,3600,10.6
2013-10-03,10.73,10.73,10.50,10.51,25900,10.5
2013-10-04,10.42,10.61,10.40,10.55,10500,10.5
2013-10-07,10.64,11.25,10.64,11.11,13600,11.1
2013-10-08,11.16,11.40,10.90,11.25,18500,11.2
2013-10-09,11.35,11.97,11.35,11.50,35700,11.5
2013-10-10,11.60,11.89,11.41,11.55,9500,11.5
2013-10-11,11.60,11.99,11.29,11.95,39900,11.9
2013-10-14,12.01,12.33,12.01,12.10,15400,12.1
2013-10-15,12.15,12.30,11.95,11.98,3600,11.9
2013-10-16,12.09,12.13,11.95,11.95,7900,11.9
2013-10-17,12.00,12.00,11.03,11.80,20100,11.8
2013-10-18,11.90,11.90,11.43,11.80,28400,11.8
2013-10-21,11.52,11.85,11.50,11.74,12800,11.7
2013-10-22,11.69,11.84,11.36,11.70,7900,11.7
2013-10-23,11.61,12.15,11.57,12.06,3000,12.0
2013-10-24,12.35,12.70,12.18,12.65,24500,12.6
2013-10-25,12.57,12.78,12.57,12.78,11200,12.7
2013-10-28,12.88,13.25,12.88,13.09,60000,13.0
2013-10-29,13.03,13.04,12.70,12.90,8300,12.9
2013-10-30,12.95,13.12,12.85,13.01,106700,13.0
2013-10-31,13.00,13.12,12.75,13.12,73700,13.1
2013-11-01,13.13,13.13,12.70,12.81,13000,12.8
2013-11-04,12.85,12.95,12.50,12.70,15800,12.7
2013-11-05,12.71,13.11,12.65,12.65,5600,12.6
2013-11-06,13.11,13.11,12.66,12.82,26300,12.8
2013-11-07,13.00,13.05,12.73,12.80,25700,12.8
2013-11-08,12.86,13.11,12.61,12.82,35500,12.8
2013-11-11,13.06,13.06,12.66,12.79,19600,12.7
2013-11-12,12.83,12.89,12.37,12.74,29300,12.7
2013-11-13,12.79,12.79,12.51,12.63,7000,12.6
2013-11-14,12.69,12.97,12.23,12.60,37300,12.6
2013-11-15,12.40,12.89,12.40,12.82,16100,12.8
2013-11-18,12.74,12.82,12.53,12.69,49800,12.6
2013-11-19,12.78,12.94,12.56,12.73,30400,12.7
2013-11-20,12.64,12.90,12.59,12.75,4700,12.7
2013-11-21,12.60,12.77,12.60,12.70,3800,12.7
2013-11-22,12.68,12.76,12.57,12.74,14100,12.7
2013-11-25,12.71,12.99,12.58,12.99,35900,12.9
2013-11-26,12.99,12.99,12.80,12.92,8300,12.9
2013-11-27,12.79,13.02,12.79,12.99,8500,12.9
2013-11-29,12.91,12.98,12.77,12.77,1000,12.7
2013-12-02,12.89,13.46,12.89,12.97,19400,12.9
2013-12-03,12.91,13.06,12.91,12.92,8400,12.9
2013-12-04,12.94,13.06,12.82,12.83,16900,12.8
2013-12-05,12.82,12.82,12.39,12.65,32500,12.6
2013-12-06,12.64,12.76,12.60,12.70,19400,12.7
2013-12-09,12.70,12.77,12.65,12.70,5200,12.7
2013-12-10,12.70,12.71,12.62,12.62,6500,12.6
2013-12-11,12.61,12.61,12.50,12.50,12500,12.5
2013-12-12,12.50,12.54,12.20,12.37,28400,12.3
2013-12-13,12.41,12.63,12.36,12.54,9100,12.5
2013-12-16,12.65,12.84,10.84,12.81,18900,12.8
2013-12-17,12.70,12.75,12.51,12.65,19400,12.6
2013-12-18,12.67,12.67,12.30,12.47,8600,12.4
2013-12-19,12.34,12.50,12.10,12.21,30300,12.2
2013-12-20,12.41,12.52,12.02,12.27,32400,12.2
2013-12-23,12.25,12.48,12.16,12.43,40200,12.4
2013-12-24,12.40,12.40,12.10,12.25,8900,12.2
2013-12-26,12.17,12.40,12.11,12.40,22200,12.4
2013-12-27,12.40,12.45,12.25,12.37,8300,12.3
2013-12-30,12.32,12.32,12.13,12.20,13500,12.2
2013-12-31,12.00,12.43,12.00,12.25,21600,12.2
2014-01-02,12.21,12.45,12.17,12.36,19500,12.3
2014-01-03,12.25,12.87,12.25,12.62,17000,12.6
2014-01-06,12.65,13.36,12.62,12.86,20500,12.8
2014-01-07,12.92,13.06,12.76,12.88,9400,12.8
2014-01-08,12.87,13.31,12.87,13.01,12800,13.0
2014-01-09,13.08,13.72,13.08,13.70,9600,13.7
2014-01-10,13.80,14.93,13.80,13.95,7100,13.9
2014-01-13,13.94,14.18,13.83,14.06,17700,14.0
2014-01-14,14.18,14.45,14.05,14.45,6300,14.4
2014-01-15,13.63,15.00,13.63,14.82,88800,14.8
2014-01-16,14.77,15.21,14.77,14.98,33600,14.9
2014-01-17,14.98,15.76,14.98,15.31,16000,15.3
2014-01-21,15.35,15.77,15.35,15.50,14900,15.5
2014-01-22,15.60,15.73,15.55,15.59,9600,15.5
2014-01-23,15.71,15.85,15.71,15.83,13300,15.8
2014-01-24,15.81,15.94,15.34,15.45,50300,15.4
2014-01-27,15.40,15.40,14.50,14.88,14700,14.8
2014-01-28,14.92,15.43,14.25,14.62,16100,14.6
2014-01-29,14.40,14.62,13.94,14.57,65400,14.5
2014-01-30,14.58,14.88,14.50,14.62,6000,14.6
2014-01-31,14.50,14.57,14.22,14.22,5200,14.2
2014-02-03,14.29,14.67,13.30,13.43,94500,13.4
2014-02-04,13.39,13.99,13.39,13.57,18400,13.5
2014-02-05,14.50,14.53,13.42,13.78,13700,13.7
2014-02-06,13.79,14.16,13.75,13.79,7500,13.7
2014-02-07,14.38,14.38,13.63,13.92,30500,13.9
2014-02-10,13.78,14.34,13.65,14.12,10900,14.1
2014-02-11,13.96,14.35,13.96,14.14,18700,14.1
2014-02-12,14.12,14.45,14.11,14.45,12700,14.4
2014-02-13,15.14,15.14,14.43,14.57,5600,14.5
2014-02-14,15.61,15.61,14.43,15.13,11000,15.1
2014-02-18,15.01,15.40,14.33,15.28,9000,15.2
2014-02-19,15.44,15.58,15.28,15.54,10100,15.5
2014-02-20,15.44,15.45,14.01,14.19,18900,14.1
2014-02-21,14.13,15.23,14.13,14.63,19300,14.6
2014-02-24,14.68,14.85,14.38,14.38,2500,14.3
2014-02-25,14.38,15.24,14.20,14.20,5200,14.2
2014-02-26,14.19,14.76,14.08,14.08,8700,14.0
2014-02-27,14.59,14.59,14.20,14.20,1500,14.2
2014-02-28,14.16,14.82,14.16,14.65,4900,14.6
2014-03-03,14.65,14.65,14.06,14.38,18200,14.3
2014-03-04,14.37,14.85,14.34,14.82,18700,14.8
2014-03-05,14.82,14.96,14.82,14.88,4300,14.8
2014-03-06,14.99,14.99,14.45,14.91,2900,14.9
2014-03-07,14.90,15.37,14.90,15.18,16900,15.1
2014-03-10,14.93,15.30,14.90,15.25,8900,15.2
2014-03-11,15.16,15.33,15.11,15.22,3800,15.2
2014-03-12,15.36,15.55,15.14,15.37,8100,15.3
2014-03-13,15.40,15.47,15.26,15.34,8500,15.3
2014-03-14,15.26,15.51,15.25,15.50,21500,15.5
2014-03-17,15.37,15.55,15.15,15.49,8300,15.4
2014-03-18,15.51,16.00,15.25,15.87,12400,15.8
2014-03-19,15.83,16.059999,15.30,15.90,10500,15.9
2014-03-20,15.88,16.25,15.52,15.94,10400,15.9
2014-03-21,16.00,16.25,15.59,15.87,30900,15.8
2014-03-24,15.87,16.10,15.66,16.00,10300,16.0
2014-03-25,16.040001,16.120001,15.90,16.01,17200,16.0
2014-03-26,15.80,16.00,15.80,16.00,18200,16.0
2014-03-27,15.96,16.110001,15.54,16.110001,14500,16.11000
2014-03-28,15.85,15.99,15.85,15.98,900,15.9
2014-03-31,16.00,16.18,15.97,16.07,14200,16.0
2014-04-01,16.10,16.25,16.00,16.139999,106300,16.13999
2014-04-02,16.040001,16.309999,16.040001,16.25,4200,16.2
2014-04-03,16.190001,16.40,16.190001,16.389999,1200,16.38999
2014-04-04,16.40,16.48,16.299999,16.309999,3800,16.30999
2014-04-07,16.299999,16.389999,16.200001,16.200001,2000,16.20000
2014-04-08,16.16,16.25,16.16,16.17,14500,16.1
2014-04-09,16.17,16.25,16.17,16.24,2800,16.2
2014-04-10,16.25,16.49,16.23,16.32,2500,16.3
2014-04-11,16.32,16.50,16.08,16.440001,6900,16.44000
2014-04-14,16.41,16.41,16.120001,16.120001,6100,16.12000
2014-04-15,16.24,16.48,16.00,16.26,75600,16.2
2014-04-16,16.34,16.34,16.129999,16.17,5500,16.1
2014-04-17,16.07,16.15,15.79,16.09,46300,16.0
2014-04-21,16.09,16.48,16.08,16.48,6700,16.4
2014-04-22,16.299999,16.450001,16.01,16.219999,8100,16.21999
2014-04-23,16.200001,16.40,15.89,16.290001,5400,16.29000
2014-04-24,16.17,16.309999,15.72,16.110001,12000,16.11000
2014-04-25,16.09,16.139999,15.91,15.98,7800,15.9
2014-04-28,15.87,16.440001,15.78,16.059999,16400,16.05999
2014-04-29,16.02,16.60,15.99,16.33,15600,16.3
2014-04-30,16.719999,17.00,16.15,16.75,24100,16.7
2014-05-01,17.360001,17.360001,16.42,16.60,3000,16.6
2014-05-02,16.540001,17.01,16.27,16.450001,13100,16.45000
2014-05-05,16.35,17.00,16.26,16.379999,7500,16.37999
2014-05-06,16.450001,17.27,16.08,16.09,14100,16.0
2014-05-07,16.27,16.73,16.07,16.49,15300,16.4
2014-05-08,16.32,17.200001,16.200001,16.709999,25000,16.70999
2014-05-09,17.190001,17.190001,16.440001,16.73,22700,16.7
2014-05-12,16.67,16.85,16.389999,16.719999,20700,16.71999
2014-05-13,16.59,16.85,16.299999,16.50,17300,16.5
2014-05-14,16.33,16.66,16.200001,16.299999,11400,16.29999
2014-05-15,16.25,16.32,16.049999,16.059999,5000,16.05999
2014-05-16,15.68,16.709999,15.54,16.469999,9100,16.46999
2014-05-19,16.290001,16.299999,16.10,16.120001,2900,16.12000
2014-05-20,15.76,16.18,15.76,16.059999,4300,16.05999
2014-05-21,16.09,16.469999,15.71,16.139999,9300,16.13999
2014-05-22,16.17,16.370001,15.90,16.17,8800,16.1
2014-05-23,15.95,16.299999,15.94,16.120001,7800,16.12000
2014-05-27,16.00,16.309999,15.83,16.16,13700,16.1
2014-05-28,16.09,16.42,16.07,16.280001,12900,16.28000
2014-05-29,15.82,16.610001,15.82,16.50,10200,16.5
2014-05-30,16.57,16.57,16.27,16.40,3700,16.4
2014-06-02,16.43,16.799999,16.02,16.32,92200,16.3
2014-06-03,16.27,16.299999,15.51,15.65,16800,15.6
2014-06-04,15.90,16.200001,15.49,15.55,12000,15.5
2014-06-05,15.65,15.94,15.28,15.39,7400,15.3
2014-06-06,15.40,15.79,15.30,15.35,6100,15.3
2014-06-09,15.00,15.34,15.00,15.26,12400,15.2
2014-06-10,15.31,15.47,15.06,15.42,4800,15.4
2014-06-11,15.28,15.61,13.11,15.54,5000,15.5
2014-06-12,15.48,15.78,15.30,15.69,10500,15.6
2014-06-13,15.81,15.82,15.05,15.59,13300,15.5
2014-06-16,15.71,16.18,15.35,16.01,6300,16.0
2014-06-17,15.98,16.00,15.50,15.90,5900,15.9
2014-06-18,15.96,16.18,15.74,16.18,8200,16.1
2014-06-19,16.059999,16.18,15.90,16.09,11500,16.0
2014-06-20,16.01,16.139999,15.83,16.139999,5200,16.13999
2014-06-23,16.08,16.35,15.96,16.299999,6000,16.29999
2014-06-24,16.59,16.75,15.91,16.129999,8300,16.12999
2014-06-25,16.25,16.49,15.99,16.17,4800,16.1
2014-06-26,16.200001,16.200001,15.91,16.00,2100,16.0
2014-06-27,16.00,16.639999,16.00,16.309999,5100,16.30999
2014-06-30,16.459999,16.50,16.02,16.290001,4500,16.29000
2014-07-01,16.10,16.50,16.02,16.43,14300,16.4
2014-07-02,16.18,16.450001,15.96,16.450001,16000,16.45000
2014-07-03,16.15,16.459999,16.09,16.42,6900,16.4
2014-07-07,16.65,16.66,16.18,16.50,4800,16.5
2014-07-08,16.35,16.68,16.25,16.43,2700,16.4
2014-07-09,16.40,16.48,16.10,16.42,7800,16.4
2014-07-10,16.280001,16.50,16.26,16.41,11200,16.4
2014-07-11,16.42,16.58,16.02,16.440001,10900,16.44000
2014-07-14,16.17,16.60,16.17,16.43,9500,16.4
2014-07-15,16.40,16.450001,16.09,16.41,5300,16.4
2014-07-16,16.389999,16.52,16.299999,16.52,5600,16.5
2014-07-17,16.27,16.51,16.209999,16.51,45800,16.5
2014-07-18,16.379999,16.52,16.370001,16.40,4900,16.4
2014-07-21,16.34,16.50,16.129999,16.379999,8700,16.37999
2014-07-22,16.42,16.50,16.09,16.32,47000,16.3
2014-07-23,16.27,16.59,15.97,16.52,69000,16.5
2014-07-24,16.639999,17.219999,15.96,17.219999,37000,17.21999
2014-07-25,17.299999,17.700001,17.219999,17.700001,19600,17.70000
2014-07-28,17.58,18.219999,17.34,18.219999,10600,18.21999
2014-07-29,18.08,18.379999,17.92,18.190001,6500,18.19000
2014-07-30,18.23,18.809999,18.17,18.629999,15200,18.62999
2014-07-31,18.57,18.969999,18.49,18.90,10000,18.9
2014-08-01,18.68,19.110001,18.059999,18.700001,11600,18.70000
2014-08-04,18.700001,18.90,18.35,18.620001,17100,18.62000
2014-08-05,18.42,18.58,17.50,17.98,19000,17.9
2014-08-06,17.709999,18.879999,17.68,17.99,9100,17.9
2014-08-07,17.59,18.370001,17.530001,17.790001,10900,17.79000
2014-08-08,18.23,18.40,17.639999,17.91,15100,17.9
2014-08-11,18.309999,18.459999,18.139999,18.290001,8100,18.29000
2014-08-12,18.290001,18.299999,17.780001,18.059999,12500,18.05999
2014-08-13,17.99,18.459999,17.870001,17.959999,3200,17.95999
2014-08-14,17.620001,18.200001,17.530001,17.92,15000,17.9
2014-08-15,18.059999,18.24,17.629999,17.959999,14400,17.95999
2014-08-18,17.92,18.01,17.860001,17.860001,4700,17.86000
2014-08-19,17.68,18.23,17.60,18.219999,15000,18.21999
2014-08-20,18.00,18.200001,17.66,17.75,5300,17.7
2014-08-21,17.76,18.200001,17.52,17.82,8600,17.8
2014-08-22,17.92,17.959999,17.51,17.74,7400,17.7
2014-08-25,17.84,17.950001,17.639999,17.709999,16400,17.70999
2014-08-26,17.780001,18.58,17.780001,18.25,11300,18.2
2014-08-27,18.200001,18.25,17.68,17.85,8500,17.8
2014-08-28,17.879999,18.57,17.52,17.889999,12400,17.88999
2014-08-29,17.85,17.85,17.799999,17.799999,900,17.79999
2014-09-02,17.690001,18.280001,17.690001,18.280001,189200,18.28000
2014-09-03,17.76,18.969999,17.76,18.059999,32000,18.05999
2014-09-04,18.26,18.50,18.18,18.379999,12500,18.37999
2014-09-05,18.42,18.780001,18.15,18.299999,14600,18.29999
2014-09-08,18.299999,18.780001,17.98,18.60,117400,18.6
2014-09-09,18.42,19.00,18.33,18.43,21100,18.4
2014-09-10,18.709999,18.879999,18.280001,18.280001,17800,18.28000
2014-09-11,18.32,18.52,18.10,18.360001,21100,18.36000
2014-09-12,18.66,18.879999,18.040001,18.23,38400,18.2
2014-09-15,18.809999,18.809999,18.00,18.58,76900,18.5
2014-09-16,18.540001,19.90,18.280001,19.52,67900,19.5
2014-09-17,19.700001,21.120001,19.08,20.709999,60400,20.70999
2014-09-18,20.49,22.25,20.49,21.809999,93300,21.80999
2014-09-19,21.75,23.190001,20.799999,22.309999,201500,22.30999
2014-09-22,22.83,22.83,20.90,21.15,67300,21.1
2014-09-23,21.09,22.60,21.09,21.25,27100,21.2
2014-09-24,22.85,22.85,21.00,21.40,21000,21.4
2014-09-25,21.450001,22.780001,21.200001,21.48,34600,21.4
2014-09-26,21.49,22.75,20.92,22.42,36500,22.4
2014-09-29,22.49,22.49,21.50,22.24,12400,22.2
2014-09-30,22.200001,22.450001,22.00,22.290001,17400,22.29000
2014-10-01,22.129999,22.290001,21.85,22.15,20400,22.1
2014-10-02,22.15,22.15,21.84,22.09,22500,22.0
2014-10-03,22.059999,22.59,21.940001,22.16,14400,22.1
2014-10-06,22.190001,22.620001,22.00,22.27,17100,22.2
2014-10-07,22.110001,22.799999,22.01,22.24,42500,22.2
2014-10-08,22.33,22.35,21.129999,21.719999,33500,21.71999
2014-10-09,21.799999,21.799999,20.27,20.27,8900,20.2
2014-10-10,20.139999,20.809999,20.139999,20.450001,12200,20.45000
2014-10-13,20.549999,20.75,20.120001,20.40,16500,20.4
2014-10-14,20.35,21.120001,20.129999,20.67,27300,20.6
2014-10-15,20.34,21.860001,20.209999,20.50,25800,20.5
2014-10-16,20.15,20.93,20.15,20.57,10900,20.5
2014-10-17,20.809999,21.389999,20.809999,20.940001,10400,20.94000
2014-10-20,21.09,21.290001,20.940001,20.940001,12500,20.94000
2014-10-21,20.99,21.379999,20.67,20.82,24000,20.8
2014-10-22,21.26,21.780001,20.780001,21.10,13500,21.1
2014-10-23,21.67,24.620001,21.67,24.50,47800,24.5
2014-10-24,24.23,25.120001,24.200001,25.09,11200,25.0
2014-10-27,25.030001,25.030001,24.389999,24.809999,30300,24.80999
2014-10-28,24.700001,24.860001,23.50,24.40,15800,24.4
2014-10-29,24.07,24.10,23.719999,23.85,10300,23.8
2014-10-30,23.790001,24.34,23.50,23.889999,8100,23.88999
2014-10-31,23.84,24.209999,23.35,24.08,12300,24.0
2014-11-03,23.90,24.110001,23.379999,23.530001,15700,23.53000
2014-11-04,23.799999,23.98,23.01,23.389999,8200,23.38999
2014-11-05,23.41,23.469999,22.76,23.469999,13300,23.46999
2014-11-06,23.02,23.469999,22.60,22.92,12700,22.9
2014-11-07,22.51,23.00,21.50,22.969999,10300,22.96999
2014-11-10,22.75,22.959999,22.280001,22.459999,9500,22.45999
2014-11-11,22.450001,22.549999,21.799999,22.25,11200,22.2
2014-11-12,21.83,22.440001,21.65,21.790001,28700,21.79000
2014-11-13,21.93,22.93,21.790001,22.93,7700,22.9
2014-11-14,22.690001,23.42,21.969999,22.74,10800,22.7
2014-11-17,22.59,23.41,22.59,22.77,16600,22.7
2014-11-18,22.950001,23.16,22.559999,22.65,15800,22.6
2014-11-19,22.50,22.690001,22.290001,22.360001,12300,22.36000
2014-11-20,22.549999,22.90,22.120001,22.120001,9500,22.12000
2014-11-21,22.440001,22.98,22.440001,22.450001,12400,22.45000
2014-11-24,22.469999,23.18,22.469999,22.620001,5600,22.62000
2014-11-25,22.82,23.16,22.719999,22.74,9300,22.7
2014-11-26,22.83,23.00,22.690001,22.690001,6100,22.69000
2014-11-28,22.610001,23.030001,22.48,22.780001,4300,22.78000
2014-12-01,22.98,23.040001,22.57,22.99,15800,22.9
2014-12-02,22.530001,23.00,22.530001,22.889999,6800,22.88999
2014-12-03,22.940001,23.00,22.49,22.98,4200,22.9
2014-12-04,22.82,23.110001,22.76,22.879999,6300,22.87999
2014-12-05,22.99,23.91,22.83,23.90,11100,23.9
2014-12-08,23.91,23.91,23.030001,23.91,3200,23.9
2014-12-09,23.57,24.190001,23.33,23.75,2800,23.7
2014-12-10,23.540001,23.83,23.190001,23.190001,3700,23.19000
2014-12-11,23.65,23.65,23.299999,23.65,5200,23.6
2014-12-12,23.41,23.639999,22.620001,23.09,12400,23.0
2014-12-15,23.129999,23.129999,21.799999,21.93,10400,21.9
2014-12-16,22.68,22.68,21.83,22.43,3800,22.4
2014-12-17,22.16,23.50,21.860001,22.620001,11200,22.62000
2014-12-18,22.809999,23.65,22.549999,23.200001,7200,23.20000
2014-12-19,23.540001,23.540001,22.799999,22.969999,14300,22.96999
2014-12-22,23.639999,23.65,22.799999,23.639999,16500,23.63999
2014-12-23,23.73,25.00,23.379999,24.389999,15600,24.38999
2014-12-24,25.209999,25.209999,23.40,25.00,10600,25.0
2014-12-26,24.540001,24.959999,24.40,24.959999,7200,24.95999
2014-12-29,24.969999,26.76,24.969999,26.27,15000,26.2
2014-12-30,25.84,27.790001,25.84,27.10,23100,27.1
2014-12-31,27.219999,28.299999,26.459999,26.719999,14300,26.71999
2015-01-02,27.00,27.00,25.790001,26.639999,12400,26.63999
2015-01-05,26.57,27.84,26.27,26.969999,21300,26.96999
2015-01-06,26.780001,27.049999,26.639999,26.860001,15700,26.86000
2015-01-07,27.040001,27.040001,26.00,26.030001,10900,26.03000
2015-01-08,26.00,26.50,25.73,25.73,9200,25.7
2015-01-09,26.00,26.00,24.780001,25.16,13500,25.1
2015-01-12,24.969999,25.25,23.639999,25.120001,12100,25.12000
2015-01-13,24.709999,26.040001,24.52,25.67,22100,25.6
2015-01-14,25.280001,26.00,25.280001,25.91,8400,25.9
2015-01-15,25.450001,26.620001,25.299999,26.120001,24700,26.12000
2015-01-16,25.299999,26.40,25.25,26.32,5400,26.3
2015-01-20,26.84,27.09,25.860001,26.049999,33600,26.04999
2015-01-21,26.459999,26.459999,25.50,25.780001,9900,25.78000
2015-01-22,26.950001,26.950001,25.65,26.66,3300,26.6
2015-01-23,26.09,26.700001,25.889999,26.15,5600,26.1
2015-01-26,26.370001,26.700001,25.700001,26.690001,8700,26.69000
2015-01-27,26.379999,26.690001,25.59,26.110001,24500,26.11000
2015-01-28,25.629999,25.98,25.00,25.16,13600,25.1
2015-01-29,24.83,25.389999,24.700001,24.870001,3700,24.87000
2015-01-30,24.639999,25.01,24.49,24.60,5700,24.6
2015-02-02,24.99,25.40,24.15,25.00,14300,25.0
2015-02-03,25.110001,25.85,25.110001,25.700001,7700,25.70000
2015-02-04,25.35,26.00,24.700001,25.16,19500,25.1
2015-02-05,25.50,25.67,24.75,25.309999,43400,25.30999
2015-02-06,25.120001,26.559999,25.02,25.219999,4400,25.21999
2015-02-09,24.26,24.950001,24.26,24.74,9200,24.7
2015-02-10,25.49,25.49,24.25,24.25,6200,24.2
2015-02-11,24.59,24.59,23.15,23.629999,13400,23.62999
2015-02-12,23.639999,24.77,22.469999,24.360001,25100,24.36000
2015-02-13,24.26,24.469999,22.860001,24.26,10600,24.2
2015-02-17,24.68,25.10,23.690001,24.440001,12000,24.44000
2015-02-18,25.00,25.16,24.35,25.00,18800,25.0
2015-02-19,25.42,25.42,23.559999,23.66,14700,23.6
2015-02-20,25.50,25.50,24.549999,24.65,7500,24.6
2015-02-23,24.620001,25.50,24.309999,25.50,9900,25.5
2015-02-24,25.35,26.40,24.719999,26.280001,27000,26.28000
2015-02-25,25.75,26.60,25.75,26.459999,9400,26.45999
2015-02-26,26.719999,26.73,26.08,26.690001,5900,26.69000
2015-02-27,26.41,27.299999,26.41,27.299999,10700,27.29999
2015-03-02,27.280001,27.280001,26.27,26.42,10900,26.4
2015-03-03,26.459999,27.42,26.219999,26.940001,3800,26.94000
2015-03-04,26.540001,27.34,25.129999,26.120001,2700,26.12000
2015-03-05,26.200001,26.50,25.809999,26.10,79200,26.1
2015-03-06,26.459999,26.889999,25.35,26.85,11600,26.8
2015-03-09,26.860001,27.00,26.459999,26.969999,11200,26.96999
2015-03-10,26.959999,26.959999,25.450001,26.02,32000,26.0
2015-03-11,26.860001,26.860001,25.40,25.76,6800,25.7
2015-03-12,25.98,26.57,25.17,25.50,3400,25.5
2015-03-13,25.50,25.950001,24.209999,24.540001,61900,24.54000
2015-03-16,24.110001,25.469999,24.110001,24.469999,11400,24.46999
2015-03-17,24.41,25.24,24.41,24.91,6500,24.9
2015-03-18,24.58,24.90,24.58,24.84,5400,24.8
2015-03-19,26.51,26.51,24.85,24.969999,1700,24.96999
2015-03-20,25.27,25.75,24.92,25.75,9300,25.7
2015-03-23,24.469999,26.43,24.08,24.309999,27900,24.30999
2015-03-24,24.040001,25.48,23.57,24.09,10700,24.0
2015-03-25,23.610001,24.030001,23.18,23.219999,10000,23.21999
2015-03-26,23.370001,23.940001,23.18,23.92,11600,23.9
2015-03-27,23.629999,23.719999,22.969999,23.379999,9900,23.37999
2015-03-30,23.93,24.139999,23.190001,23.309999,20600,23.30999
2015-03-31,23.60,23.98,23.209999,23.209999,3500,23.20999
2015-04-01,23.33,23.74,22.50,22.719999,9100,22.71999
2015-04-02,22.75,24.790001,22.75,23.24,22000,23.2
2015-04-06,23.24,24.76,22.889999,24.40,7900,24.4
2015-04-07,24.98,24.98,24.17,24.610001,9400,24.61000
2015-04-08,24.66,24.879999,23.77,23.90,6200,23.9
2015-04-09,25.00,25.00,23.51,23.870001,8700,23.87000
2015-04-10,23.66,24.57,23.59,23.98,30500,23.9
2015-04-13,23.58,24.58,23.58,24.26,25700,24.2
2015-04-14,24.17,24.91,23.92,24.18,18400,24.1
2015-04-15,24.65,24.66,23.110001,24.200001,9300,24.20000
2015-04-16,23.370001,24.620001,23.370001,24.620001,8500,24.62000
2015-04-17,23.879999,24.559999,23.040001,24.18,12300,24.1
2015-04-20,24.58,24.58,23.639999,24.15,7700,24.1
2015-04-21,24.25,24.25,23.379999,23.780001,14300,23.78000
2015-04-22,23.57,24.00,23.209999,23.379999,8900,23.37999
2015-04-23,23.540001,24.110001,23.299999,23.540001,10400,23.54000
2015-04-24,23.52,23.74,23.01,23.74,10400,23.7
2015-04-27,23.370001,24.360001,23.01,23.01,9400,23.0
2015-04-28,23.17,23.90,23.17,23.40,10500,23.4
2015-04-29,23.799999,23.799999,22.75,22.75,7300,22.7
2015-04-30,22.75,23.780001,22.75,23.450001,25400,23.45000
2015-05-01,23.469999,23.83,22.799999,23.209999,11000,23.20999
2015-05-04,23.530001,24.41,23.18,23.50,158500,23.5
2015-05-05,23.440001,23.92,22.68,23.549999,5600,23.54999
2015-05-06,23.41,24.440001,23.059999,23.370001,8900,23.37000
2015-05-07,23.58,23.83,22.92,23.280001,16100,23.28000
2015-05-08,23.23,23.440001,22.85,22.99,8000,22.9
2015-05-11,23.08,23.65,22.85,23.01,17700,23.0
2015-05-12,23.25,23.90,22.90,23.629999,21400,23.62999
2015-05-13,23.469999,24.16,23.41,23.620001,13400,23.62000
2015-05-14,24.01,24.200001,23.66,23.73,19500,23.7
2015-05-15,23.639999,23.809999,23.120001,23.74,14200,23.7
2015-05-18,23.879999,24.209999,23.76,24.08,11600,24.0
2015-05-19,24.219999,24.219999,23.59,24.09,15900,24.0
2015-05-20,23.99,24.00,23.879999,23.99,13600,23.9
2015-05-21,23.75,23.82,23.60,23.82,5700,23.8
2015-05-22,23.959999,24.00,23.790001,23.950001,6800,23.95000
2015-05-26,23.77,23.99,23.50,23.610001,13600,23.61000
2015-05-27,23.549999,23.60,23.389999,23.459999,11000,23.45999
2015-05-28,23.17,23.379999,23.07,23.290001,17700,23.29000
2015-05-29,23.049999,23.57,22.950001,23.139999,27100,23.13999
2015-06-01,23.40,23.57,22.65,23.10,21600,23.1
2015-06-02,23.23,23.27,22.700001,22.90,20500,22.9
2015-06-03,22.42,23.24,22.42,22.870001,10100,22.87000
2015-06-04,22.68,22.889999,22.200001,22.59,13200,22.5
2015-06-05,22.440001,22.700001,21.41,22.10,43100,22.1
2015-06-08,22.00,23.23,22.00,22.629999,36200,22.62999
2015-06-09,22.540001,23.33,22.540001,23.10,18300,23.1
2015-06-10,23.200001,23.450001,22.530001,23.120001,29300,23.12000
2015-06-11,23.00,23.40,22.65,23.110001,50400,23.11000
2015-06-12,22.950001,23.549999,22.43,22.59,17600,22.5
2015-06-15,22.52,22.85,22.059999,22.629999,22800,22.62999
2015-06-16,22.780001,22.860001,22.309999,22.66,30700,22.6
2015-06-17,22.299999,22.84,21.85,22.02,49100,22.0
2015-06-18,22.00,22.25,21.440001,21.940001,35900,21.94000
2015-06-19,21.959999,22.00,20.32,20.33,58400,20.3
2015-06-22,20.469999,20.559999,19.530001,20.10,35300,20.1
2015-06-23,19.889999,20.200001,19.280001,19.57,50100,19.5
2015-06-24,19.74,21.60,19.200001,21.34,33700,21.3
2015-06-25,21.25,23.90,21.25,23.870001,137600,23.87000
2015-06-26,23.65,23.77,22.799999,23.50,751500,23.5
2015-06-29,23.35,24.07,22.700001,22.73,25300,22.7
2015-06-30,23.139999,23.549999,22.629999,23.48,20000,23.4
2015-07-01,23.379999,24.49,23.25,23.83,18900,23.8
2015-07-02,23.90,23.90,23.17,23.49,49700,23.4
2015-07-06,23.41,23.700001,22.60,23.49,23700,23.4
2015-07-07,23.50,23.959999,23.10,23.60,50500,23.6
2015-07-08,23.549999,23.73,23.26,23.50,30200,23.5
2015-07-09,23.719999,23.790001,23.370001,23.59,26800,23.5
2015-07-10,23.709999,23.98,23.42,23.879999,99700,23.87999
2015-07-13,24.16,24.98,23.76,23.90,28100,23.9
2015-07-14,23.799999,24.379999,23.459999,23.639999,16600,23.63999
2015-07-15,24.040001,24.15,23.450001,23.450001,20000,23.45000
2015-07-16,23.99,24.00,23.719999,23.799999,28900,23.79999
2015-07-17,23.790001,24.290001,23.780001,24.120001,42100,24.12000
2015-07-20,24.15,24.40,23.15,23.32,46500,23.3
2015-07-21,23.360001,23.809999,21.49,22.17,44300,22.1
2015-07-22,22.200001,22.26,21.65,21.860001,31700,21.86000
2015-07-23,23.99,28.07,23.74,27.76,371400,27.7
2015-07-24,27.709999,28.559999,27.450001,28.00,70500,28.0
2015-07-27,28.01,28.139999,26.049999,27.08,46600,27.0
2015-07-28,27.00,27.00,26.110001,26.639999,49900,26.63999
2015-07-29,26.639999,27.23,26.24,26.93,48100,26.9
2015-07-30,26.93,27.49,26.52,26.73,37100,26.7
2015-07-31,26.799999,28.129999,26.42,27.360001,63500,27.36000
2015-08-03,27.709999,27.709999,26.389999,26.84,49100,26.8
2015-08-04,26.90,26.950001,25.540001,26.290001,25100,26.29000
2015-08-05,26.34,26.450001,25.25,25.290001,18000,25.29000
2015-08-06,25.469999,26.42,25.43,25.860001,24600,25.86000
2015-08-07,25.76,26.559999,25.41,25.809999,14100,25.80999
2015-08-10,25.52,26.26,25.34,26.219999,27800,26.21999
2015-08-11,26.139999,27.00,25.790001,26.99,39600,26.9
2015-08-12,26.889999,26.889999,25.950001,26.379999,23300,26.37999
2015-08-13,26.219999,26.450001,25.110001,25.299999,16700,25.29999
2015-08-14,25.129999,26.02,24.700001,25.10,8900,25.1
2015-08-17,24.940001,26.18,24.620001,26.16,28100,26.1
2015-08-18,25.98,25.98,24.860001,24.959999,23200,24.95999
2015-08-19,25.00,25.00,23.73,24.41,26600,24.4
2015-08-20,24.440001,24.809999,24.120001,24.18,28400,24.1
2015-08-21,23.99,24.40,23.790001,23.879999,28100,23.87999
2015-08-24,23.030001,23.379999,22.93,22.93,37800,22.9
2015-08-25,23.620001,23.860001,22.139999,23.18,29200,23.1
2015-08-26,23.549999,23.549999,21.879999,22.99,49300,22.9
2015-08-27,23.02,23.27,22.440001,23.18,29500,23.1
2015-08-28,23.040001,23.219999,22.719999,22.940001,43500,22.94000
2015-08-31,22.85,23.459999,22.68,23.389999,27200,23.38999
2015-09-01,23.00,23.299999,21.50,21.77,37800,21.7
2015-09-02,21.860001,22.34,21.35,21.77,24200,21.7
2015-09-03,21.60,21.860001,21.10,21.700001,37400,21.70000
2015-09-04,21.41,22.57,21.24,22.450001,22000,22.45000
2015-09-08,22.610001,23.290001,22.379999,23.16,18800,23.1
2015-09-09,23.33,23.85,22.90,23.02,29000,23.0
2015-09-10,23.030001,23.40,22.780001,23.07,8300,23.0
2015-09-11,22.82,22.860001,21.969999,22.41,39200,22.4
2015-09-14,22.74,23.27,22.08,22.870001,27200,22.87000
2015-09-15,23.049999,23.41,22.66,23.139999,20200,23.13999
2015-09-16,23.27,23.719999,22.76,23.450001,26100,23.45000
2015-09-17,23.34,23.98,22.99,23.76,18600,23.7
2015-09-18,23.48,23.690001,22.889999,23.360001,44300,23.36000
2015-09-21,23.530001,23.959999,23.02,23.59,21300,23.5
2015-09-22,23.120001,23.49,22.889999,23.02,21800,23.0
2015-09-23,23.18,23.42,22.629999,22.690001,25900,22.69000
2015-09-24,22.639999,23.66,22.639999,23.49,64900,23.4
2015-09-25,23.790001,23.790001,22.40,22.43,30800,22.4
2015-09-28,22.450001,23.43,22.450001,22.90,37400,22.9
2015-09-29,22.91,23.200001,21.540001,21.77,54100,21.7
2015-09-30,21.870001,22.26,21.17,21.65,183500,21.6
2015-10-01,21.629999,21.90,20.879999,21.51,83700,21.5
2015-10-02,21.49,23.290001,21.49,22.98,25300,22.9
2015-10-05,22.889999,26.120001,22.889999,25.93,46100,25.9
2015-10-06,26.00,26.82,25.65,26.27,57900,26.2
2015-10-07,26.299999,28.01,25.540001,27.799999,41600,27.79999
2015-10-08,27.639999,29.290001,27.290001,28.10,137700,28.1
2015-10-09,28.09,28.09,25.17,27.74,40800,27.7
2015-10-12,27.60,27.60,25.99,26.08,18700,26.0
2015-10-13,25.799999,26.75,25.52,25.940001,28900,25.94000
2015-10-14,26.030001,26.030001,24.92,25.219999,12600,25.21999
2015-10-15,24.65,26.07,24.620001,25.99,27200,25.9
2015-10-16,26.10,26.10,24.43,24.68,23000,24.6
2015-10-19,24.469999,25.43,24.459999,25.09,37400,25.0
2015-10-20,25.26,25.530001,24.950001,25.25,29100,25.2
2015-10-21,25.25,25.68,25.18,25.309999,34800,25.30999
2015-10-22,25.299999,28.620001,25.299999,28.10,101500,28.1
2015-10-23,28.299999,28.299999,27.540001,27.969999,37800,27.96999
2015-10-26,27.76,27.76,26.40,26.75,22500,26.7
2015-10-27,26.73,26.73,25.629999,25.76,35500,25.7
2015-10-28,25.280001,26.75,25.09,25.99,46100,25.9
2015-10-29,25.93,26.16,25.10,25.90,24200,25.9
2015-10-30,25.940001,26.35,25.780001,26.01,39500,26.0
2015-11-02,26.40,26.90,25.84,26.74,33300,26.7
2015-11-03,26.610001,27.83,26.59,27.610001,56700,27.61000
2015-11-04,27.120001,27.77,26.809999,27.469999,34400,27.46999
2015-11-05,27.00,28.370001,26.950001,27.809999,59100,27.80999
2015-11-06,27.610001,27.940001,27.209999,27.93,28700,27.9
2015-11-09,28.049999,28.07,26.360001,26.83,32800,26.8
2015-11-10,27.290001,27.50,26.879999,27.370001,24400,27.37000
2015-11-11,27.219999,27.26,27.01,27.030001,9800,27.03000
2015-11-12,26.700001,27.389999,26.700001,26.950001,23500,26.95000
2015-11-13,26.84,27.17,26.540001,26.940001,13800,26.94000
2015-11-16,27.01,27.34,26.540001,26.77,17600,26.7
2015-11-17,27.17,27.49,26.83,27.290001,26000,27.29000
2015-11-18,27.379999,27.83,27.16,27.629999,49200,27.62999
2015-11-19,27.360001,28.59,27.360001,28.280001,109000,28.28000
2015-11-20,28.450001,28.67,27.41,27.76,87100,27.7
2015-11-23,27.77,28.190001,27.41,27.98,32200,27.9
2015-11-24,28.83,28.83,27.879999,28.00,16400,28.0
2015-11-25,28.08,28.24,27.790001,27.860001,12200,27.86000
2015-11-27,28.219999,28.299999,27.799999,28.139999,14100,28.13999
2015-11-30,28.00,29.639999,27.049999,27.98,55400,27.9
2015-12-01,27.889999,28.27,27.59,27.84,23800,27.8
2015-12-02,27.65,28.700001,27.65,28.139999,23400,28.13999
2015-12-03,28.41,28.50,27.459999,27.52,16100,27.5
2015-12-04,27.57,27.780001,27.01,27.299999,35000,27.29999
2015-12-07,27.00,27.00,25.85,26.299999,44000,26.29999
2015-12-08,26.35,27.02,25.52,25.809999,20700,25.80999
2015-12-09,25.77,25.77,24.950001,25.08,31100,25.0
2015-12-10,25.120001,26.309999,25.120001,26.040001,23700,26.04000
2015-12-11,25.67,26.09,25.18,25.950001,23100,25.95000
2015-12-14,25.700001,26.33,25.48,25.889999,22800,25.88999
2015-12-15,25.49,26.84,25.450001,26.110001,17700,26.11000
2015-12-16,25.940001,26.209999,25.629999,26.02,25100,26.0
2015-12-17,25.91,26.280001,25.219999,25.290001,18600,25.29000
2015-12-18,25.139999,25.16,24.129999,24.129999,28300,24.12999
2015-12-21,24.459999,24.50,23.59,23.969999,23100,23.96999
2015-12-22,23.59,24.32,23.59,24.209999,20200,24.20999
2015-12-23,24.450001,25.08,24.01,25.02,34300,25.0
2015-12-24,24.76,24.76,24.01,24.17,22300,24.1
2015-12-28,24.950001,24.950001,23.07,23.34,16000,23.3
2015-12-29,23.75,24.129999,23.10,24.129999,21300,24.12999
2015-12-30,24.07,24.74,23.73,24.379999,23600,24.37999
2015-12-31,24.49,24.58,22.809999,23.35,124100,23.3
2016-01-04,22.76,22.799999,22.32,22.540001,50500,22.54000
2016-01-05,22.530001,22.73,22.219999,22.540001,39300,22.54000
2016-01-06,22.030001,22.610001,22.030001,22.48,31900,22.4
2016-01-07,22.219999,22.309999,21.540001,21.58,21000,21.5
2016-01-08,21.860001,22.18,21.40,21.620001,41900,21.62000
2016-01-11,21.620001,21.690001,21.24,21.66,30000,21.6
2016-01-12,21.66,21.83,20.370001,20.91,21400,20.9
2016-01-13,21.040001,21.040001,19.35,19.59,17500,19.5
2016-01-14,19.540001,20.34,19.309999,20.18,19900,20.1
2016-01-15,19.57,19.77,18.92,18.98,16900,18.9
2016-01-19,19.389999,19.58,18.139999,18.41,18600,18.4
2016-01-20,18.25,18.75,17.91,18.66,64400,18.6
2016-01-21,18.459999,19.07,18.049999,18.290001,22400,18.29000
2016-01-22,18.68,19.309999,18.299999,19.280001,50500,19.28000
2016-01-25,18.969999,19.24,18.450001,18.48,9000,18.4
2016-01-26,18.620001,19.00,18.60,18.90,13200,18.9
2016-01-27,18.709999,19.309999,18.58,18.84,16700,18.8
2016-01-28,18.969999,19.360001,18.620001,18.959999,6100,18.95999
2016-01-29,19.26,20.209999,18.67,19.379999,47600,19.37999
2016-02-01,19.27,19.73,18.459999,18.90,24100,18.9
2016-02-02,18.40,19.00,17.99,18.120001,21400,18.12000
2016-02-03,18.459999,18.530001,17.950001,18.17,24200,18.1
2016-02-04,18.639999,18.76,18.40,18.690001,13200,18.69000
2016-02-05,18.67,18.709999,18.389999,18.549999,31200,18.54999
2016-02-08,18.200001,18.92,18.16,18.83,8100,18.8
2016-02-09,18.43,19.610001,18.40,18.74,11500,18.7
2016-02-10,18.50,19.15,17.84,18.24,27700,18.2
2016-02-11,17.959999,18.450001,17.959999,18.23,6500,18.2
2016-02-12,18.620001,18.940001,18.08,18.799999,7000,18.79999
2016-02-16,19.049999,19.370001,18.50,19.15,17600,19.1
2016-02-17,19.280001,19.93,19.110001,19.68,21300,19.6
2016-02-18,19.42,20.200001,18.15,18.459999,24700,18.45999
2016-02-19,18.35,21.290001,17.83,17.889999,20300,17.88999
2016-02-22,17.639999,18.00,16.360001,16.52,25700,16.5
2016-02-23,16.75,16.870001,16.43,16.76,22800,16.7
2016-02-24,16.50,17.08,16.299999,16.99,18400,16.9
2016-02-25,17.120001,17.129999,16.719999,17.049999,14900,17.04999
2016-02-26,17.01,17.43,16.610001,17.02,25400,17.0
2016-02-29,16.91,17.23,15.23,16.24,43700,16.2
2016-03-01,16.83,16.90,16.09,16.59,27000,16.5
2016-03-02,16.99,17.99,16.540001,17.91,23100,17.9
2016-03-03,18.09,18.110001,17.35,17.93,20100,17.9
2016-03-04,17.790001,18.620001,17.18,18.16,16100,18.1
2016-03-07,17.799999,18.719999,17.799999,18.629999,10400,18.62999
2016-03-08,18.08,18.52,17.700001,17.940001,15400,17.94000
2016-03-09,18.450001,18.50,17.74,18.00,10000,18.0
2016-03-10,18.040001,18.51,17.969999,18.15,15900,18.1
2016-03-11,18.25,19.74,18.200001,18.82,26700,18.8
2016-03-14,18.389999,18.549999,18.040001,18.27,14600,18.2
2016-03-15,18.530001,18.530001,17.629999,18.18,16700,18.1
2016-03-16,18.559999,19.02,17.49,18.110001,12800,18.11000
2016-03-17,18.139999,19.030001,17.809999,19.030001,15400,19.03000
2016-03-18,19.139999,20.690001,18.90,20.629999,33700,20.62999
2016-03-21,20.33,20.68,19.66,20.610001,19400,20.61000
2016-03-22,20.209999,21.00,20.209999,20.68,12300,20.6
2016-03-23,20.18,20.450001,19.690001,20.00,26200,20.0
2016-03-24,19.48,20.00,19.139999,19.82,44900,19.8
2016-03-28,20.219999,20.23,19.76,20.09,15200,20.0
2016-03-29,19.889999,20.48,19.889999,20.129999,13300,20.12999
2016-03-30,20.34,20.370001,20.01,20.08,14100,20.0
2016-03-31,20.15,20.200001,19.51,19.58,10900,19.5
2016-04-01,19.35,19.35,18.450001,18.93,14600,18.9
2016-04-04,18.93,19.35,18.49,18.52,13300,18.5
2016-04-05,17.870001,18.58,17.870001,18.57,13900,18.5
2016-04-06,19.07,19.07,18.40,19.00,32400,19.0
2016-04-07,18.73,19.10,18.459999,18.59,24400,18.5
2016-04-08,19.190001,19.280001,18.690001,18.82,9500,18.8
2016-04-11,18.879999,19.389999,18.709999,19.139999,25900,19.13999
2016-04-12,19.190001,19.32,18.75,18.950001,10700,18.95000
2016-04-13,19.25,19.40,18.879999,19.34,12900,19.3
2016-04-14,19.24,19.559999,19.16,19.469999,10900,19.46999
2016-04-15,19.43,20.370001,19.43,20.01,4400,20.0
2016-04-18,20.059999,20.309999,19.65,20.200001,6200,20.20000
2016-04-19,20.43,20.51,20.059999,20.41,4000,20.4
2016-04-20,20.540001,21.299999,20.540001,21.08,6200,21.0
2016-04-21,21.049999,21.07,20.52,20.83,10300,20.8
2016-04-22,21.040001,21.190001,20.43,20.450001,25000,20.45000
2016-04-25,20.82,20.82,20.00,20.030001,10700,20.03000
2016-04-26,20.40,20.690001,19.91,20.610001,5200,20.61000
2016-04-27,20.50,21.200001,20.15,20.389999,13100,20.38999
2016-04-28,20.629999,22.50,20.09,20.27,9000,20.2
2016-04-29,20.540001,20.690001,19.40,19.59,8400,19.5
2016-05-02,19.620001,19.75,19.379999,19.469999,7600,19.46999
2016-05-03,20.469999,20.469999,19.15,19.25,12200,19.2
2016-05-04,19.799999,19.799999,19.00,19.030001,14300,19.03000
2016-05-05,19.370001,19.51,18.93,19.00,12800,19.0
2016-05-06,19.00,19.15,18.25,18.799999,10800,18.79999
2016-05-09,18.93,19.049999,18.309999,18.700001,24500,18.70000
2016-05-10,19.02,19.049999,18.540001,18.98,12400,18.9
2016-05-11,19.34,19.34,18.59,18.93,14000,18.9
2016-05-12,18.90,19.389999,18.76,18.93,18500,18.9
2016-05-13,18.68,20.040001,18.68,19.01,10400,19.0
2016-05-16,19.16,19.200001,16.42,19.02,8300,19.0
2016-05-17,19.00,20.120001,18.32,18.379999,171600,18.37999
2016-05-18,18.34,19.280001,18.34,19.01,11700,19.0
2016-05-19,19.66,19.66,18.26,18.879999,9900,18.87999
2016-05-20,18.99,19.190001,18.50,18.879999,20800,18.87999
2016-05-23,18.860001,19.15,18.60,18.84,8800,18.8
2016-05-24,19.049999,19.43,18.639999,19.24,17800,19.2
2016-05-25,18.90,20.10,18.90,19.809999,13500,19.80999
2016-05-26,19.719999,20.129999,19.219999,19.440001,15900,19.44000
2016-05-27,19.360001,19.540001,18.83,19.08,17300,19.0
2016-05-31,19.219999,19.389999,19.200001,19.290001,18600,19.29000
2016-06-01,19.25,20.040001,19.00,19.84,23100,19.8
2016-06-02,19.790001,20.42,19.440001,19.709999,21600,19.70999
2016-06-03,19.540001,19.950001,19.01,19.66,20700,19.6
2016-06-06,19.75,20.41,19.40,20.110001,26200,20.11000
2016-06-07,20.15,20.92,19.90,20.690001,14800,20.69000
2016-06-08,20.41,21.190001,20.41,21.16,13700,21.1
2016-06-09,21.059999,21.41,21.059999,21.110001,12000,21.11000
2016-06-10,21.059999,21.41,21.059999,21.129999,10500,21.12999
2016-06-13,21.08,21.09,20.32,20.33,7500,20.3
2016-06-14,19.84,20.049999,19.719999,20.01,3900,20.0
2016-06-15,19.75,20.07,19.620001,19.879999,5100,19.87999
2016-06-16,19.200001,19.83,19.02,19.65,13600,19.6
2016-06-17,19.73,20.84,19.52,20.610001,29700,20.61000
2016-06-20,20.65,21.639999,20.65,21.110001,10000,21.11000
2016-06-21,21.110001,21.48,21.059999,21.200001,13500,21.20000
2016-06-22,21.440001,21.780001,21.110001,21.16,11100,21.1
2016-06-23,21.540001,21.75,21.42,21.75,7000,21.7
2016-06-24,21.49,21.49,20.129999,20.219999,61500,20.21999
2016-06-27,20.200001,20.200001,19.17,19.23,12300,19.2
2016-06-28,19.41,19.66,19.280001,19.50,7100,19.5
2016-06-29,19.639999,20.00,19.52,19.639999,4500,19.63999
2016-06-30,19.790001,19.99,19.459999,19.860001,10000,19.86000
2016-07-01,19.790001,20.24,19.620001,19.68,14000,19.6
2016-07-05,19.40,19.639999,19.25,19.440001,10800,19.44000
2016-07-06,18.889999,19.639999,18.889999,19.559999,8000,19.55999
2016-07-07,19.299999,19.75,19.299999,19.34,8600,19.3
2016-07-08,19.35,20.120001,19.35,20.08,20600,20.0
2016-07-11,20.059999,20.75,19.790001,20.24,16800,20.2
2016-07-12,20.25,20.67,20.09,20.610001,11600,20.61000
2016-07-13,20.299999,20.98,20.15,20.50,17900,20.5
2016-07-14,20.59,20.85,20.17,20.77,10800,20.7
2016-07-15,20.700001,21.610001,20.120001,21.110001,13400,21.11000
2016-07-18,20.93,21.200001,20.93,21.00,5400,21.0
2016-07-19,20.940001,20.940001,19.27,20.57,7700,20.5
2016-07-20,20.65,20.65,20.40,20.49,8000,20.4
2016-07-21,20.65,20.65,19.59,20.02,7400,20.0
2016-07-22,19.82,20.059999,19.530001,19.68,13400,19.6
2016-07-25,19.83,19.83,18.700001,18.709999,9600,18.70999
2016-07-26,18.629999,18.629999,17.549999,17.66,42600,17.6
2016-07-27,17.73,17.870001,17.09,17.25,9700,17.2
2016-07-28,17.02,17.02,16.799999,16.879999,6500,16.87999
2016-07-29,16.68,16.91,16.290001,16.40,94600,16.4
2016-08-01,16.60,16.60,15.73,15.79,21300,15.7
